xor
0 10 31 85
fading
0 69
entangled
0 12
yura's
0 68
no1
0 26
composite
0 9
mr.
0 24
perfectly
0 24
traversal
0 70
similar
0 71
misha
0 20
cartridge
0 44
lover
0 32
routes
0 14 83 90
gardening
0 99
crack,
0 3
zombies
0 30
particle
0 80
merging
0 75
mex
0 36 50
don't
0 6 19 42 58 68 82 85 86 92 100
super-permutation
0 21
musical
0 27
copium
0 45
twin
0 22
butcher
0 56
fox
0 70
feed
0 78
karina
0 73
contrast
0 18
maximum
0 3 9 19 20 23 28 35 36 40 41 42 44 45 53 55 58 72 73 75 77 81 82 88 93 98 99 100
walk
0 43 72
cells
0 5 37 55 66 98
story
0 11
pairs
0 3 12 38 52 56 77 91 99 101
sum
0 4 6 9 13 14 16 17 18 19 20 21 22 24 26 28 29 31 34 35 36 37 39 41 44 45 46 48 49 50 52 53 54 55 56 58 59 60 62 65 66 67 73 74 75 77 79 80 81 83 84 88 90 91 92 93 95 96 97 98 99 100 101
on
0 2 3 4 5 7 8 9 16 17 22 27 28 29 30 33 35 37 40 42 47 48 50 53 56 58 66 69 70 72 76 78 79 80 81 82 84 85 86 88 89 92 96 98 99 101
black
0 66
magic
0 20 79 84
g2.
0
puzzle
0 27
fog
0 69
can
0 3 4 6 7 8 9 12 13 14 15 16 17 18 19 20 22 23 24 25 26 27 28 29 30 31 34 35 38 39 40 41 42 43 44 45 46 47 48 49 50 52 54 56 57 58 59 60 61 63 64 66 67 68 69 70 72 73 74 75 76 77 78 80 82 83 85 86 88 89 90 92 93 95 96 97 99 100
never
0 23 28 67 92
reconstruction
0 98
with
0 3 5 7 8 13 14 15 16 19 20 23 24 26 27 30 31 32 33 35 36 37 38 39 41 43 44 47 48 53 55 58 59 63 66 68 69 72 76 78 79 80 83 84 85 89 90 92 93 94 96 97 99 100
editorial
0 74
freedom
0 23
sorting
0 17 29 101
bun
0 32
e.
0 42 58 66 82 95
ira
0 13
count
0 6 12 13 34 52 54 69 79 84 92
fish
0 48
apart
0 12 48 63 86
palindrome
0 34 51 64 67 95
(-2-3-4)
0 26
two
0 2 3 4 5 6 8 9 12 13 14 15 17 19 20 23 24 26 27 28 29 30 31 32 33 35 37 38 39 40 41 42 43 44 47 48 52 53 54 55 56 57 58 59 60 61 62 63 65 66 67 69 70 71 72 73 74 75 76 78 81 82 83 85 86 88 89 90 92 95 98 99 100 101
flipper
0 77
grace
0 35
blank
0 87
red-blue
0 42 82
matching
0 94
fine
0 24
permutations
0 22 39 45
(hard
0 29 79 82 83
tubetube
0 78
almost
0 61
h.
0
vlad
0 27 49
best
0 53 97
version)
0 17 29 42 79 82 83 84 90
fixing
0 7
building
0 49
divisible
0 8 25 71 91
brackets
0 4 40
toy
0 5
space
0 47 87
show
0 19 25 59 72 88
dance
0 13 81
boss
0 52
subarray
0 17 29 45 61 75 101
grasshopper
0 8
c.
0
luotianyi
0 19 44 57 64 83 85 90 100
half-sum
0 41
centroids
0 59
array
0 6 9 10 15 17 18 21 22 25 28 29 36 38 39 42 49 50 52 53 57 61 65 67 73 75 77 82 87 88 91 100 101
d.
0 5 95
d2.
0
restore
0 28
random
0 43 56
graph
0 26 33 48 70 89 96 99
triples
0 79 84
city
0 14 72 92
orders
0 65
playoff
0 7
subsequence
0 6 18 61 64
sort
0 2 17 29 39 88 97 101
for
0 3 4 5 6 7 8 9 10 11 12 13 14 15 16 17 18 19 20 21 22 23 24 25 26 27 28 29 30 31 32 33 34 35 36 37 38 39 40 41 42 43 45 46 47 48 50 51 52 53 54 55 56 57 58 59 60 61 62 63 64 65 66 67 68 69 70 71 72 73 74 75 76 77 78 79 80 81 82 84 86 87 88 89 91 92 93 94 95 96 97 98 99 100 101
counting
0 31 65
removing
0 6 40 53 59 73 75 89
release!
0 3
bosco
0 80
making
0 44 58 60
willy-nilly,
0 3
problem
0 3 4 6 10 17 27 29 41 44 50 68 74 77 83 90
range
0 17 29 45 93
apples
0 20
constructive
0 50
friends
0 20 99
indivisible
0 91
of
0 2 3 4 5 6 7 8 9 10 11 12 13 14 15 16 17 18 19 20 21 22 23 24 25 26 27 28 29 30 31 32 33 34 35 36 37 38 39 40 41 42 43 44 45 46 47 48 49 50 51 52 53 54 55 56 57 58 59 60 61 62 63 64 65 66 67 68 69 70 71 72 73 74 75 76 77 78 79 80 81 82 83 84 85 86 87 88 89 90 91 92 93 94 95 96 97 98 99 100 101
strongly
0 9
dreaming
0 23
lakes
0 37
adventures
0 55
ian
0 76
polynomials
0 71
visits
0 20 76
swap
0 2 39 60 77 88
grid
0 37 98
e
0 92
bus
0 14
a-characteristic
0 38
beautiful
0 4 34 47 49 73 93
forever
0 33
different
0 9 13 15 16 20 23 32 38 47 51 56 65 70 72 74 92 96
partition
0 34
blame
0 6
copac
0 62
chinchilla
0 96
copil
0 62
tear
0 86
third
0 3 9 12 16 19 20 24 25 26 27 28 31 35 38 39 41 42 43 44 46 50 52 54 55 56 57 58 59 60 61 63 64 66 67 68 70 71 72 73 75 76 77 78 82 85 86 91 92 95 101
rearrange
0 28 40 45 51
(easy
0 17 42 84 90
content
0 67
incredible
0 55
hyperregular
0 54
nobody
0 46
function
0 57
islands
0 83 90
combinatorics
0 10
lunatic
0 67
timber
0 47
a.
0
comparison
0 15
value
0 2 7 18 26 28 31 36 37 38 41 43 44 49 50 69 71 78 80 85 88 93 98 100
in
0 2 3 4 5 6 7 8 9 10 11 12 13 14 15 16 17 18 19 20 21 22 23 24 25 26 27 28 29 30 31 32 33 34 35 36 37 38 39 40 41 42 43 44 45 46 47 48 49 50 51 52 53 55 56 57 58 59 60 61 62 63 64 66 67 68 69 70 71 72 73 74 75 76 77 78 79 80 81 82 83 84 85 86 88 89 90 91 92 93 94 95 96 97 98 99 100 101
bully
0 2
unique
0 7 32 95
tree
0 36 43 44 47 59 62 70 85 96 99
round
0 23 81
flamenco
0 13
operations
0 3 26 40 42 53 59 60 66 68 82 85 86 88 97 99
palindromes
0 95
b2.
0
new
0 10 33 51 60 68 101
me
0 6
strings
0 3 14 34 49 50 54 60 63 64 68 86 97
oh
0 26
it
0 3 4 6 7 8 9 10 13 14 16 17 19 20 21 22 24 26 28 29 32 33 34 35 36 37 39 40 41 42 43 45 46 47 48 49 50 51 52 53 54 55 56 58 59 60 61 62 63 65 67 68 69 70 71 72 75 77 80 81 82 83 85 86 88 89 90 92 93 94 95 96 97 98 100 101
runway
0 72
hits
0 16 80
miles
0 93
complete
0 70 92
b1.
0
trust
0 46
roads
0 14 92
mary
0 76
binary
0 6 24 55 80 87 97
trees
0 47 62
coloring
0 4 36
increasing
0 20 61 72
running
0 93
a
0 2 3 4 5 6 7 8 9 10 11 12 13 14 15 16 17 18 19 20 21 22 23 24 25 26 27 28 29 30 31 32 33 34 35 36 37 38 39 40 41 42 43 44 45 46 47 48 49 50 51 52 53 54 55 56 57 58 59 60 61 62 63 64 65 66 67 68 69 70 71 72 73 74 75 76 77 78 79 80 81 82 83 84 85 86 87 88 89 90 91 92 93 94 95 96 97 98 99 100 101
gold
0 63
weather
0 28
floating
0 83 90
machine
0 5
f.
0
love
0 11
bracket
0 4 40 54
xor-tree
0 85
g.
0
draws
0 62
g1.
0
jojo's
0 55
ksyusha
0 96
step
0 39 41 62 89
name
0 9 68
string
0 3 4 5 11 12 15 24 27 34 51 54 55 58 60 64 68 80 86 94 95 96 97
politics
0 58
into
0 3 4 5 7 16 19 26 34 40 41 54 56 59 60 63 66 68 69 81 92 96
d1.
0
anti-palindromes
0 60
line
0 2 3 4 5 6 7 8 9 10 11 12 13 14 15 16 17 18 19 20 21 22 23 24 25 26 27 28 29 30 31 32 33 34 35 36 37 38 39 40 41 42 43 44 45 46 47 48 49 50 51 52 53 54 55 56 57 58 59 60 61 62 63 64 65 66 67 68 69 70 71 72 73 74 75 76 77 78 79 80 81 82 83 84 85 86 87 88 89 90 91 92 93 94 95 96 97 98 99 100 101
permutation
0 2 21 22 39 45 77 88 91
the
0 2 3 4 5 6 7 8 9 10 11 12 13 14 15 16 17 18 19 20 21 22 23 24 25 26 27 28 29 30 31 32 33 34 35 36 37 38 39 40 41 42 43 44 45 46 47 48 49 50 51 52 53 54 55 56 57 58 59 60 61 62 63 64 65 66 67 68 69 70 71 72 73 74 75 76 77 78 79 80 81 82 83 84 85 86 87 88 89 90 91 92 93 94 95 96 97 98 99 100 101
table
0 55 100
winter
0 33
rush
0 63
b.
0
substrings
0 12 34 95
and
0 2 3 4 5 6 7 8 9 10 11 12 13 14 15 16 17 19 20 22 23 24 26 27 28 29 30 31 32 33 34 35 36 37 38 39 40 41 42 43 44 47 48 49 50 51 52 53 54 55 56 57 58 59 60 61 62 63 64 65 66 68 69 70 71 72 73 74 75 76 77 78 79 80 81 82 83 84 85 86 87 88 89 90 91 92 93 95 96 97 98 99 100 101
if
2 3 4 5 7 8 9 10 12 13 14 15 16 19 20 21 23 24 25 26 27 28 30 35 38 39 42 43 45 46 47 48 49 50 51 54 55 56 58 59 60 61 62 63 64 65 66 67 68 69 70 71 74 76 77 78 80 81 82 83 85 89 90 91 92 94 95 96 97 98 101
when
2 5 7 12 20 23 30 32 47 75 80 83 90 92 98
all
2 3 4 5 6 7 9 13 14 15 16 17 18 19 20 21 22 23 24 25 26 28 29 30 31 34 35 36 37 39 40 41 42 43 45 46 47 48 49 50 51 52 53 54 55 56 57 58 59 60 62 64 65 66 67 68 69 70 71 72 73 74 75 77 79 80 81 82 83 84 86 88 89 90 91 92 93 95 96 97 98 99 100 101
next
2 3 14 19 20 23 30 33 43 48 56 57 59 61 69 72 76 78 80 83 85 89 90 92 96 99
1≤pi≤n
2 39 77 88 91
made
2 11 44
yi
2
9
2 7 9 11 13 16 17 24 25 28 29 30 33 36 39 41 42 44 45 49 54 57 59 61 63 65 69 70 71 74 77 78 79 81 82 84 85 87 88 89 93 94 96 98 99 100
swaps
2
such
2 3 4 8 9 12 13 14 18 22 26 30 31 36 37 38 39 40 41 43 47 48 50 52 54 55 59 61 64 65 67 68 70 71 74 76 77 79 80 83 84 86 88 89 90 91 92 93 94 95 98 100 101
then
2 3 7 10 14 16 19 20 22 24 26 27 28 33 37 39 40 44 49 50 53 56 68 77 80 81 83 85 86 88 89 90 97 98 100 101
update.
2
p
2 39 41 43 44 77 83 88 90
second
2 3 4 5 6 7 8 9 11 12 13 15 16 17 18 19 20 22 23 24 25 26 27 28 29 31 34 35 38 39 40 41 42 43 44 45 46 47 48 49 50 52 53 54 55 56 57 58 59 60 61 62 63 64 65 66 67 68 69 70 71 72 73 74 75 76 77 78 79 80 81 82 83 84 85 87 88 89 90 91 92 93 95 97 98 100 101
identity
2
time
2 3 4 5 6 7 8 9 10 11 12 13 14 15 16 17 18 19 20 21 22 23 24 25 26 27 28 29 30 31 32 33 34 35 36 37 38 39 40 41 42 43 44 45 46 47 48 49 50 51 52 53 54 55 56 57 58 59 60 61 62 63 64 65 66 67 68 69 70 71 72 73 74 75 76 77 78 79 80 81 82 83 84 85 86 87 88 89 90 91 92 93 94 95 96 97 98 99 100 101
smallest
2 8 36 40 50 74 86
f(p)=0
2
6
2 6 7 9 13 14 15 16 17 19 21 24 25 26 27 28 29 30 31 32 33 34 35 36 39 41 42 43 44 45 46 47 48 49 52 53 54 55 57 60 61 62 63 64 65 70 73 74 75 76 77 78 79 81 82 83 84 85 86 88 89 90 91 93 95 96 98 99 101
,
2 3 5 6 7 8 9 10 11 13 14 15 16 17 18 19 20 21 23 24 26 27 28 29 30 31 32 33 34 35 36 37 38 39 41 42 43 44 45 47 48 49 50 52 53 54 55 56 57 59 60 62 63 64 65 66 67 68 69 70 71 72 73 75 76 77 78 79 80 81 82 83 84 85 86 88 89 90 91 92 93 95 96 98 99 100 101
-th
2 3 4 5 19 20 26 30 32 35 37 42 43 44 46 54 56 57 58 59 62 66 72 74 76 78 80 82 83 85 89 90 92 95 96 97
j
2 10 37 44 49 58 72 79 84 88
2≤n≤5⋅105
2 59
following
2 3 4 6 9 13 18 20 25 26 27 32 35 36 39 40 42 44 48 50 53 54 56 58 59 62 63 68 69 70 77 81 82 83 90 92 95 100
inputstandard
2 3 4 5 6 7 8 9 10 11 12 13 14 15 16 17 18 19 20 21 22 23 24 25 26 27 28 29 30 31 32 33 34 35 36 37 38 39 40 41 42 43 44 45 46 47 48 49 50 51 52 53 54 55 56 57 58 59 60 61 62 63 64 65 66 67 68 69 70 71 72 73 74 75 76 77 78 79 80 81 82 83 84 85 86 87 88 89 90 91 92 93 94 95 96 97 98 99 100 101
py
2
we
2 3 7 9 14 19 21 24 25 26 28 31 35 36 38 45 46 48 50 55 58 59 63 64 66 67 68 72 75 83 85 88 93 94 97 100 101
first
2 3 4 5 6 7 8 9 11 12 13 14 15 16 17 18 19 20 21 22 23 24 25 26 27 28 29 30 31 32 33 34 35 36 37 38 39 40 41 42 43 44 45 46 47 48 49 50 51 52 53 54 55 56 57 58 59 60 61 62 63 64 65 66 67 68 69 70 71 72 73 74 75 76 77 78 79 80 81 82 83 84 85 86 87 88 89 90 91 92 93 94 95 96 97 98 99 100 101
permutation,
2 22 39 77 88 91
y
2 3 10 14 33 41 47 56 57 58 59 69 76 92 95
test1024
2 3 10 14 35 44 45 57 59
largest
2 30 35 37 42 55 57 72 82
outputstandard
2 3 4 5 6 7 8 9 10 11 12 13 14 15 16 17 18 19 20 21 22 23 24 25 26 27 28 29 30 31 32 33 34 35 36 37 38 39 40 41 42 43 44 45 46 47 48 49 50 51 52 53 54 55 56 57 58 59 60 61 62 63 64 65 66 67 68 69 70 71 72 73 74 75 76 77 78 79 80 81 82 83 84 85 86 87 88 89 90 91 92 93 94 95 96 97 98 99 100 101
n
2 3 4 5 6 8 9 10 13 14 15 16 17 18 19 20 21 22 23 24 25 26 27 28 29 30 31 32 33 34 35 36 37 38 39 41 42 43 44 45 46 47 48 49 50 52 53 54 55 56 57 58 59 60 61 62 63 65 66 67 69 70 72 73 74 75 76 77 78 79 80 81 82 83 84 85 87 88 89 90 91 92 93 95 96 98 99 100 101
are
2 3 4 5 6 7 8 9 10 12 13 14 15 16 17 18 19 20 21 22 23 25 26 27 28 29 30 31 32 34 35 36 37 38 39 40 41 42 43 44 45 46 47 48 49 50 51 52 53 54 55 56 57 58 59 60 61 62 64 65 66 68 69 70 71 72 74 75 76 77 78 79 80 81 82 83 84 86 87 88 89 90 91 92 93 94 95 96 97 98 99 100 101
each
2 3 4 5 6 7 8 9 11 13 14 15 16 17 18 19 20 21 22 23 24 25 26 27 28 29 30 31 32 33 34 35 36 37 38 39 40 41 42 43 44 45 46 47 48 49 50 51 52 53 54 55 56 57 58 59 60 61 62 63 64 65 66 67 68 69 70 72 73 74 75 76 77 78 79 80 81 82 83 84 85 86 87 88 89 90 91 92 93 94 95 96 97 98 99 100 101
example
2 4 6 8 9 10 11 13 14 15 16 17 18 19 20 21 22 23 24 25 26 27 28 29 31 32 33 34 35 36 37 38 39 40 41 43 44 45 46 48 49 50 51 52 53 54 55 56 58 59 60 61 62 63 64 65 66 67 68 69 70 73 74 75 76 77 78 79 81 83 84 86 87 88 90 91 92 93 94 95 97 98 99 100 101
7
2 5 6 7 8 9 13 15 17 18 19 24 25 27 28 29 30 31 33 36 37 38 39 40 41 42 43 44 45 46 48 49 52 54 56 59 61 62 65 66 68 70 73 76 77 78 79 82 84 85 88 89 93 95 96 98 99 100 101
8
2 4 7 9 10 13 17 19 23 24 25 28 29 33 35 36 39 42 43 44 45 48 49 52 54 56 57 59 61 65 66 67 68 70 74 76 77 79 81 82 84 85 88 89 93 94 95 96 98 99 100
element
2 42 53 75 82 100
length
2 3 6 11 15 17 21 22 24 25 27 28 29 32 34 38 39 40 45 49 52 54 55 57 58 60 61 64 65 67 73 75 77 79 80 84 86 87 88 91 95 99
1
2 4 5 6 7 8 9 10 12 13 14 15 16 17 18 19 20 21 22 23 24 25 26 27 28 29 30 31 33 34 35 36 37 38 39 40 41 42 43 44 45 46 47 48 49 50 52 53 54 55 56 57 58 59 60 61 62 63 65 66 67 68 69 70 71 72 73 74 75 76 77 78 79 80 81 82 83 84 85 86 87 88 89 90 91 92 93 94 95 96 97 98 99 100 101
describing
2 62 80
pi≠i
2 88
(
2 3 4 5 6 7 8 9 10 11 12 13 14 15 16 17 18 19 20 21 22 23 24 25 26 27 28 29 30 31 32 33 34 35 36 37 38 39 40 41 42 43 44 45 46 47 48 49 50 51 52 53 54 55 56 57 58 59 60 61 62 63 64 65 66 67 68 69 70 71 72 73 74 75 76 77 78 79 80 81 82 83 84 85 86 87 88 89 90 91 92 93 94 95 96 97 98 99 100 101
find
2 5 9 22 25 31 37 38 44 48 50 53 54 55 59 61 62 64 65 67 71 75 81 85 87 91 92 95 97 99 100 101
given
2 3 4 5 6 8 9 10 12 15 17 18 21 22 25 26 28 29 31 33 34 35 36 37 38 39 40 41 42 43 44 45 48 49 50 51 52 53 54 55 56 57 59 60 61 62 65 66 69 71 75 77 79 82 84 85 86 87 88 89 91 92 94 95 97 101
i<j
2
i
2 3 4 5 7 10 13 15 19 20 24 25 26 28 30 32 35 37 42 43 44 46 54 56 57 58 59 60 62 66 67 69 72 74 76 77 78 79 80 81 82 83 84 85 88 89 90 92 93 95 96 101
integers
2 3 4 6 7 8 9 10 13 14 17 18 19 20 21 22 23 26 28 29 30 31 33 35 36 37 38 39 41 42 43 44 45 46 47 48 49 50 52 53 54 55 56 57 58 59 61 62 63 65 66 67 70 71 72 73 74 75 76 77 78 79 81 82 83 84 85 87 88 89 90 91 92 93 94 95 96 98 99 100 101
persistent.
2
illustrated
2
contains
2 3 4 5 6 7 8 9 10 11 12 13 14 15 16 17 18 19 20 21 22 23 24 25 26 27 28 29 30 31 32 33 34 35 36 37 38 39 40 41 42 43 44 45 46 47 48 49 50 51 52 53 54 55 56 57 58 59 60 61 62 63 64 65 66 67 68 69 70 71 72 73 74 75 76 77 78 79 80 81 82 83 84 85 86 87 88 89 90 91 92 93 94 95 96 97 98 99 100 101
updates
2
define
2 17 29 35 38 39 48 57 58 67 83 90 95 97
note
2 3 5 6 9 10 11 12 13 14 15 16 17 18 19 20 22 23 24 25 26 27 29 31 33 34 35 36 38 39 41 42 43 44 45 46 48 50 51 52 53 54 55 56 57 58 59 60 61 62 63 64 66 67 68 69 70 71 72 73 75 76 77 79 80 82 83 84 85 86 88 89 90 91 92 93 95 96 97 98 99 100
[1,2,8,5,3,4,7,6]
2
2
2 3 4 5 6 7 8 9 10 13 14 15 16 17 18 19 20 21 22 23 24 25 26 27 28 29 30 31 33 34 35 36 37 38 39 40 41 42 43 44 45 46 47 48 49 50 52 53 54 55 56 57 58 59 60 61 62 63 64 65 66 67 68 69 70 71 72 73 74 75 76 77 78 79 80 81 82 83 84 85 86 87 88 89 90 91 92 93 95 96 97 98 99 100 101
.
2 3 4 5 6 7 8 9 10 11 12 13 14 15 16 17 18 19 20 21 22 23 24 25 26 27 28 29 30 31 32 33 34 35 36 37 38 39 40 41 42 43 44 45 46 47 48 49 50 52 53 54 55 56 57 58 59 60 61 62 63 64 65 66 67 68 69 70 71 72 73 74 75 76 77 78 79 80 81 82 83 84 85 86 88 89 90 91 92 93 95 96 97 98 99 100 101
apply
2 3 39 42 77 82
after
2 3 5 7 8 10 20 23 24 26 30 36 39 40 42 50 56 58 59 62 68 69 70 72 73 74 75 76 77 82 92 96 101
copy
2 3 4 5 6 7 8 9 10 11 12 13 14 15 16 17 18 19 20 21 22 23 24 25 26 27 28 29 30 31 32 33 34 35 36 37 38 39 40 41 42 43 44 45 46 47 48 49 50 51 52 53 54 55 56 57 58 59 60 61 62 63 64 65 66 67 68 69 70 71 72 73 74 75 76 77 78 79 80 81 82 83 84 85 86 87 88 89 90 91 92 93 94 95 96 97 98 99 100 101
1≤xi<yi≤n
2
f(p)
2
lines
2 3 14 20 24 26 30 32 33 35 36 37 43 44 48 54 56 57 58 61 62 69 70 72 83 85 89 90 92 99
x
2 3 8 10 14 26 30 33 41 43 47 50 56 57 59 66 67 69 71 76 83 90 92
px
2
index
2 5 47 57 59 72 78
xi
2 19 95
memory
2 3 4 5 6 7 8 9 10 11 12 13 14 15 16 17 18 19 20 21 22 23 24 25 26 27 28 29 30 31 32 33 34 35 36 37 38 39 40 41 42 43 44 45 46 47 48 49 50 51 52 53 54 55 56 57 58 59 60 61 62 63 64 65 66 67 68 69 70 71 72 73 74 75 76 77 78 79 80 81 82 83 84 85 86 87 88 89 90 91 92 93 94 95 96 97 98 99 100 101
let
2 10 19 28 41 43 44 47 54 72 83 90 95 98
input
2 3 4 5 6 7 8 9 10 11 12 13 14 15 16 17 18 19 20 21 22 23 24 25 26 27 28 29 30 31 32 33 34 35 36 37 38 39 40 41 42 43 44 45 46 47 48 49 50 51 52 53 54 55 56 57 58 59 60 61 62 63 64 65 66 67 68 69 70 71 72 73 74 75 76 77 78 79 80 81 82 83 84 85 86 87 88 89 90 91 92 93 94 95 96 97 98 99 100 101
processing
2
future
2
becomes
2 3 4 39 42 45 82 86
megabytes
2 3 4 5 6 7 8 9 10 11 13 14 15 16 17 18 19 20 21 22 23 24 25 26 27 28 29 30 31 32 33 34 35 36 37 38 39 40 41 42 43 44 45 46 47 48 49 50 51 52 53 54 55 56 57 58 59 60 61 62 63 64 65 66 67 68 69 70 71 72 73 74 75 76 77 78 79 80 81 82 83 84 85 86 87 88 89 90 91 92 93 94 95 96 97 98 99 100 101
limit
2 3 4 5 6 7 8 9 10 11 12 13 14 15 16 17 18 19 20 21 22 23 24 25 26 27 28 29 30 31 32 33 34 35 36 37 38 39 40 41 42 43 44 45 46 47 48 49 50 51 52 53 54 55 56 57 58 59 60 61 62 63 64 65 66 67 68 69 70 71 72 73 74 75 76 77 78 79 80 81 82 83 84 85 86 87 88 89 90 91 92 93 94 95 96 97 98 99 100 101
p1,p2,…,pn
2 39 77 88 91
number
2 3 4 5 6 7 8 9 11 12 13 14 15 16 17 18 19 20 21 22 23 24 25 26 27 28 29 30 31 32 33 34 35 36 37 38 39 40 41 42 43 44 45 46 47 48 49 50 51 52 53 54 55 56 57 58 59 60 61 62 63 64 65 66 67 68 69 70 72 73 74 75 76 77 78 79 80 81 82 83 84 85 86 87 88 89 90 91 92 93 94 95 96 97 98 99 100 101
need
2 3 27 39 44 55 57 58 66 68 73 76 77 83 85 90 95 100
is
2 3 4 5 6 7 8 9 10 11 12 13 14 15 16 17 18 19 20 21 22 23 24 25 26 27 28 29 30 31 32 33 34 35 36 37 38 39 40 41 42 43 44 45 46 47 48 49 50 51 52 53 54 55 56 57 58 59 60 61 62 63 64 65 66 67 68 69 70 71 72 73 74 75 76 77 78 79 80 81 82 83 84 85 86 87 88 89 90 91 92 93 94 95 96 97 98 99 100 101
test10
2
perform
2 3 26 40 50 53 63 85
as
2 3 4 5 7 9 10 12 14 16 17 20 23 26 27 29 30 31 32 33 34 38 39 41 43 44 45 48 49 50 51 53 55 56 57 58 59 62 63 64 66 67 69 72 73 74 75 76 78 79 80 83 84 89 90 92 95 97 99 101
f(p)=5
2
per
2 3 4 5 6 7 8 9 10 11 12 13 14 15 16 17 18 19 20 21 22 23 24 25 26 27 28 29 30 31 32 33 34 35 36 37 38 39 40 41 42 43 44 45 46 47 48 49 50 51 52 53 54 55 56 57 58 59 60 61 62 63 64 65 66 67 68 69 70 71 72 73 74 75 76 77 78 79 80 81 82 83 84 85 86 87 88 89 90 91 92 93 94 95 96 97 98 99 100 101
pi
2 35 39 59 88
distinct.
2 7 13 17 22 29 65 70 76 79 84
)
2 3 4 5 6 7 8 9 11 12 13 14 15 16 17 18 19 20 21 22 23 24 25 26 27 28 29 30 31 32 33 35 36 37 38 39 40 41 42 43 44 46 47 48 49 50 51 52 53 54 55 56 57 58 59 60 61 62 63 64 65 66 67 68 69 70 71 72 73 74 75 76 77 78 79 80 81 82 83 84 85 86 87 88 89 90 91 92 93 94 95 96 97 98 99 100 101
have
2 3 4 5 6 7 9 10 12 13 15 20 23 24 26 30 31 42 44 48 49 51 53 56 58 59 63 66 67 72 73 74 75 78 81 82 86 89 92 93 95 97 101
[1,2,3,5,4,6,7,8]
2
1≤q≤5⋅104
2
until
2 7 30 41 43
follows:
2 3 4 7 10 20 26 33 44 57 72 100
[1,2,3,4,5,6,7,8]
2
3
2 3 4 6 7 8 9 10 13 14 15 16 17 18 19 20 21 22 23 24 25 26 28 29 30 33 34 35 36 37 38 39 40 41 42 43 44 45 46 47 48 49 50 51 52 53 54 55 56 57 58 59 60 61 62 63 65 66 67 68 69 70 71 72 73 74 75 76 77 78 79 81 82 83 84 85 86 87 88 89 90 91 92 93 94 95 96 97 98 99 100 101
to
2 3 4 5 6 7 8 9 10 11 13 14 15 16 17 18 19 20 21 22 23 24 26 27 28 29 30 32 33 35 36 38 39 40 41 42 43 44 47 48 49 50 51 52 53 54 55 56 57 58 59 60 62 63 64 65 66 68 69 70 72 73 74 75 76 77 78 79 80 81 82 83 84 85 86 87 88 89 90 91 92 93 94 96 97 98 99 100 101
integer
2 4 6 7 8 9 10 11 13 15 16 17 18 19 20 21 22 23 24 25 26 27 28 29 30 31 32 33 34 35 36 37 40 41 42 43 44 45 46 47 48 49 50 51 52 53 54 55 56 57 59 60 62 63 64 65 66 67 68 69 70 71 72 73 74 75 76 77 78 79 80 82 83 84 85 86 87 88 90 91 92 93 94 95 96 97 98 99 100 101
[1,2,3,5,4,8,7,6]
2
5
2 5 6 7 9 10 11 12 13 14 15 16 17 18 19 20 21 22 23 24 25 26 27 28 29 30 31 32 33 35 36 37 38 39 40 41 42 43 44 45 46 47 48 49 52 53 54 55 56 57 58 59 61 62 63 65 66 68 70 72 73 74 75 76 77 78 79 81 82 83 84 85 86 87 88 89 90 93 94 95 96 97 98 99 100 101
process
2 7 20 23 44
below.
2 20 70
updates.
2
pj
2 39 72 88
sorted.
2
you
2 3 4 5 6 8 9 10 11 12 14 15 16 17 18 19 22 23 25 26 27 28 29 34 35 36 37 39 40 41 42 43 44 45 47 48 49 50 51 52 53 54 55 56 57 58 59 60 61 63 64 65 66 67 68 69 72 73 75 76 77 78 80 81 82 83 85 86 87 88 89 90 92 93 94 95 96 97 98 100 101
q
2 3 41 42 43 57 61 78 82 83 90
changes
2
4
2 3 4 5 6 7 8 9 11 13 14 15 16 17 18 19 20 21 22 23 24 25 26 27 28 29 30 32 33 36 37 38 39 40 41 42 43 44 45 46 47 48 49 50 52 54 56 57 58 59 60 61 62 63 64 65 66 67 70 71 72 73 74 75 76 77 78 79 80 81 82 83 84 85 86 87 88 89 90 91 93 95 96 97 98 99 100 101
[1,2,3,5,8,4,7,6]
2
will
2 3 4 5 14 16 17 19 20 23 24 29 30 35 36 39 49 50 51 55 56 58 59 60 62 63 69 72 75 78 80 83 85 89 90 92 93
elements
2 6 9 15 17 18 22 28 29 38 39 41 42 45 49 50 52 53 57 61 65 73 75 79 82 84 87 93 100 101
—
2 3 4 5 6 7 8 9 11 12 13 14 15 16 17 18 19 20 21 22 23 24 25 26 27 28 29 30 31 32 33 35 36 37 38 39 40 41 42 43 44 46 47 48 49 50 51 52 53 54 55 56 57 58 59 60 61 62 63 64 65 66 67 68 69 70 71 72 73 74 75 76 77 78 79 80 81 82 83 84 85 86 87 88 89 90 91 92 93 94 95 96 97 98 99 100 101
be
2 3 4 5 6 7 8 10 12 13 14 15 18 20 22 23 26 28 30 31 32 33 34 35 39 40 41 42 43 44 46 47 48 49 50 51 54 55 56 58 59 60 61 63 64 67 68 69 70 72 73 75 76 77 80 82 83 85 90 92 93 95 96 98 99 100
seconds
2 3 4 6 7 8 9 10 12 13 14 15 16 18 19 21 23 24 26 30 31 32 33 35 36 37 40 41 42 43 44 45 47 51 52 53 54 56 57 59 61 62 63 66 67 69 71 72 73 74 78 79 80 81 82 83 84 85 86 89 90 92 93 94 95 96 97 99 101
that
2 3 4 5 6 7 8 9 10 11 13 14 15 16 17 18 19 20 22 24 25 26 27 28 29 30 31 32 33 34 35 36 37 38 39 40 41 42 43 44 45 46 47 48 49 50 51 52 54 55 56 57 58 59 60 61 62 63 64 65 66 67 68 69 70 71 72 73 74 75 76 77 78 79 80 81 82 83 84 85 86 88 89 90 91 92 93 94 95 96 97 98 99 100 101
output
2 3 4 5 6 7 8 9 10 11 12 13 14 15 16 17 18 19 20 21 22 23 24 25 26 27 28 29 30 31 32 33 34 35 36 37 38 39 40 41 42 43 44 45 46 47 48 49 50 51 52 53 54 55 56 57 58 59 60 61 62 63 64 65 66 67 68 69 70 71 72 73 74 75 76 77 78 79 80 81 82 83 84 85 86 87 88 89 90 91 92 93 94 95 96 97 98 99 100 101
update,
2
principles—
3
set
3 6 13 20 24 30 37 43 44 50 55 56 83 89 90 92 96
at
3 4 5 9 13 14 16 18 20 27 37 39 40 43 46 56 58 59 66 68 69 73 75 76 80 81 88 89 92 93 94 95 98 101
}
3
ready
3
printed
3 48 69
test3
3 32 36 37 44 54 62 92 96
except
3 12 43
large
3 63
so
3 6 7 9 10 13 16 17 19 20 23 24 28 29 30 31 41 42 44 45 46 50 55 56 57 59 60 61 63 64 66 67 68 72 73 78 80 82 83 85 86 89 90 92 93 96 97 99 100
dd,
3
main
3
added
3 26
choice
3 23 26 97
-
3 10 58 92
under
3 8 26
least
3 4 16 18 46 56 59 66 68 69 73 75 81 88 93 101
symbol
3 58
single
3 5 6 7 8 11 12 13 16 17 18 19 20 21 22 23 24 25 26 28 29 30 31 32 33 34 35 36 37 40 41 42 44 45 46 47 49 50 51 52 54 55 56 58 59 60 62 63 64 65 66 67 68 69 71 72 74 75 76 77 78 79 80 82 83 84 85 86 87 88 90 91 92 93 96 97 98 99 100
form:
3 42 82
this
3 4 7 12 13 14 16 17 19 20 21 26 27 29 32 33 38 39 40 44 48 51 54 56 58 60 68 69 72 75 77 79 83 84 90 92 96 99 100
call
3 18 54 55 97
characters
3 4 5 11 12 27 40 54 55 60 64 68 80 97
than
3 9 13 28 33 44 47 49 58 63 69 76 77 78 83 90 92 94
your
3 5 16 18 31 35 39 43 52 54 58 66 80 81 87 92 93
consideration
3
(release).
3
up
3 5 10 20 30 47 63 68 69 100
was
3 20 28 40 49 55 56 58 66 70 92
aa.
3
empty.
3 40
strings.
3
sit
3 19
"c"
3 34
finally
3
knowledge
3
word
3
(crack),
3
occur
3 12 50
bc,
3
let's
3 9 18 27 39 43 55 58 67 95 97
fourth
3 9 16 19 20 38 50 54 55 57 58 59 63 68 72 73 77 85 86 95
"bc",
3
during
3 7 30 42 53 58 78 82 96
bacdd
3
paper
3
one
3 4 5 7 8 9 11 15 17 18 19 20 21 23 24 28 29 30 33 38 39 40 41 43 44 46 47 48 50 53 54 55 56 57 58 59 60 63 66 68 69 70 72 74 75 78 81 83 85 86 88 89 90 92 94 95 96 99 101
correct
3 4 28 40 69 70 81
adds
3
another
3 5 7 32 51 70 72 75 76
query,
3 42 57 59 61 69 82
cc,
3
sheet
3
acc
3
replace
3 94 97
latin
3 11 34 51 86 95
set,
3 31
badcc,
3
non-empty
3 6 12 34 40 50 64
not
3 4 5 7 8 9 13 14 17 18 20 21 22 23 26 27 28 29 33 34 35 36 37 39 40 41 45 46 48 49 50 52 53 54 55 56 58 59 60 61 62 64 65 67 68 69 70 71 73 75 76 77 78 79 80 81 84 85 88 91 92 93 94 95 96 97 98 99 101
again,
3 56
bdd
3
queries
3 42 59 69 82 92
actions
3 53
bacda,
3
important
3 32
unordered
3 48
-1
3 4 7 19 21 24 28 38 39 46 60 64 66 69 73 78 91 96 100
before
3 23 33 39 44 50 58 63 74 92
{x,y}
3
sequences
3 4 40 54 66
aa
3 34
modern
3
string,
3 15 34 51 80
company
3
outputted.
3
string:
3
problem,
3 48
da,
3
"d".
3
d
3 5 44 71
appears
3 21 22 77 88 91
therefore,
3 58 62
ad,
3
long
3 16 30 32 48 66 75
1≤i<n
3
good.
3 83 90
practice.
3
modify
3 99
28
3 54 65 73
motto
3
(nilli),
3
dd
3
(willi),
3
"b",
3
once
3 92
"a",
3 64
initially
3 5 59 63 66 80 92
condition,
3
down
3 4 5 47
allowed
3 50 60 78
sequence
3 4 6 17 21 27 29 40 41 45 54 61 70 77 79 84 98
letters
3 5 12 34 51 64 86
ba,
3
aad.
3
|ti|=n
3
should
3 5 6 8 12 16 26 30 31 32 33 35 48 63 69 72 77 98 100
fits
3
desk
3
four
3 30 44 57 58 98
pair
3 12 14 26 37 38 39 40 48 56 69 73 91 92 95
operations,
3 26 41 53 60
you.
3 64
so,
3 7 9 26 48 74
exists
3 8 37 56 70 77 79 84 92 101
example,
3 4 5 6 7 9 12 13 14 15 16 21 22 23 27 28 33 34 39 46 48 49 50 51 54 55 59 60 63 64 67 68 70 71 72 73 77 79 81 84 85 88 89 91 93 95 97 101
).
3 6 7 9 10 14 17 20 25 26 28 29 34 38 39 41 42 44 45 46 51 54 58 59 60 61 62 65 67 69 71 77 82 83 88 90 91 92 93 95 101
{
3
equal
3 9 17 18 24 29 32 36 38 41 43 51 75 81 83 89 90 93
bb,
3 95
letters.
3 11 34 51 60 86
removed
3
company's
3
there.
3
dreamed
3
called
3 4 7 12 13 21 45 47 54 59 60 71 79 84 92
"da"
3
1≤n≤20
3
conditions
3 4 9 18 95
now
3 7 19 43 44 49 56 79 83 84 85 90 92
got
3 20 68
existing
3
known
3 92
or
3 4 5 7 8 9 12 14 15 19 23 30 31 34 36 37 40 45 46 47 49 50 56 58 60 61 63 64 66 69 70 74 78 80 83 86 89 90 92 93 95 96 97 98 99
words
3
size
3 9 18 32 41 55 56 63 77 89 91 100
otherwise
3 48 50 58 92
cd,
3
has
3 5 6 7 9 11 13 16 19 20 24 26 32 33 34 35 37 40 43 44 47 55 56 58 59 63 73 74 78 80 81 85 89 92 93 95 96 99 101
letters:
3
initial
3 5 26 42 76 80 82
example.
3 5
exactly
3 6 8 9 11 13 21 26 27 28 30 31 39 42 48 50 53 63 74 77 81 82 85 89 95 96 98 100
are:
3 4 9 38 40 54 88
si+1=…=sn=y
3
operations.
3 17 29 85 86 99
these
3 4 8 14 33 66 70 72 74 75 77 89 92 99 100 101
dc,
3
working
3
time,
3 92 96
twice
3 22 63 88 91
consist
3 89
met:
3 18
adjacent,
3
from
3 5 6 7 8 11 12 14 15 18 19 20 21 22 28 30 32 33 34 36 39 40 42 43 44 47 48 49 50 51 55 56 57 61 64 66 69 70 72 73 74 76 77 78 82 83 85 86 88 89 90 91 92 93 97 98 99
integers:
3 77
no
3 9 12 14 19 22 23 26 30 35 38 39 47 48 49 50 51 54 55 59 61 63 64 67 69 70 73 76 78 79 84 86 91 92 95
but
3 6 13 19 20 22 26 30 34 36 39 48 51 55 56 58 60 64 66 68 77 81 83 88 89 90 91 92 93 97
−1
3 4 7 21 24 38 46 60 64 66 78 91 96
removes
3 73
minimum
3 4 15 17 18 24 27 29 42 44 53 60 66 68 69 80 81 82 83 85 90 97 98 100
queries,
3 42 61 69 82
move
3 5 40 43 63 66 68 70 80 89 92
consider
3 36 38 68 98 100
technologies
3
more
3 9 20 24 28 44 45 47 56 58 61 63 67 68 69 72 78 92 93
examples
3 5 7 9 12 30 42 43 44 47 57 58 70 71 72 80 82 83 85 89 90 96
12
3 6 9 13 16 17 29 31 33 34 42 45 53 54 60 65 70 74 80 82 89 98 99
"cd",
3
symbols
3
occurs
3 95
aa,
3
aab
3
consisting
3 6 11 14 15 17 22 27 29 34 38 42 43 44 51 55 60 64 65 66 68 75 77 82 86 87 88 91 94 95 97 101
1≤q≤100000
3
studied
3
good,
3
abcdabcdabcdabcd....
3
statement!
3
once.
3 21 31 39 77 95 98 100
job
3
test
3 4 5 6 9 11 14 15 16 17 18 19 20 21 22 23 24 25 26 27 28 29 31 32 33 34 35 36 37 38 39 41 43 45 46 48 49 50 51 52 53 54 55 56 58 59 60 62 63 64 65 66 67 68 69 72 73 75 76 77 78 79 81 84 87 88 89 91 92 93 94 95 97 98 99 100 101
ac,
3
ac
3 12
"ab",
3 27
start
3 13 33 40 92 93
c
3 12 28 44 50 69 75 80 95 99
bacdc,
3
sn=x
3
performing
3 26 50 60
which
3 6 9 12 15 19 20 22 26 28 31 32 35 36 38 39 48 49 50 51 53 54 56 58 59 63 64 67 69 72 73 74 78 83 90 91 92 95 97 98 99 101
there
3 4 5 7 8 9 12 14 15 16 18 19 20 21 22 23 25 26 28 30 35 37 38 39 43 46 47 48 52 54 55 56 57 58 59 61 64 66 69 70 71 72 73 74 76 77 78 79 80 81 83 84 88 90 91 92 93 95 96 97 98 101
see
3 5 26 69 72 75 83 92 93
aac
3
cb,
3
same
3 8 13 20 26 34 40 47 48 49 51 58 64 67 80 81 89 95
set.
3 13
44
3
ti
3 58
subsequent
3
si=x
3
replaced
3 58
satisfies
3 22 25 26 57 67 88 95
condition
3 22 69 91 95
then,
3 28 58 72 74
s
3 4 11 12 15 27 34 43 51 55 60 64 68 71 86 87 92 94 95 97
ab,
3
b
3 9 12 18 21 22 28 41 44 49 52 64 65 69 75 76 77 79 84 100
test512
4 15 26 52 94 101
),
4 19 26 33 43 44 48 55 58 66 68 72 85 100
not.
4 6 21 34 36 40 54 60 64 92 95
every
4 12 13 14 15 23 26 30 39 60 62 66 67 69 76 93 94
lines.
4 60
sequence.
4 40 54 58 79 84
order
4 7 19 20 26 27 39 48 61 66 72 73 74 76 79 84 92 98
impossible.
4 66 96
consists
4 6 7 15 17 19 20 21 23 24 29 31 32 34 40 53 55 56 60 61 64 68 72 92 94 100 101
"))()(("
4
k
4 5 6 7 8 9 10 28 30 38 39 40 42 45 47 48 50 53 54 55 58 66 72 74 79 82 83 84 88 89 90 95 96 98 99
ci
4 26 44 92 95
statement,
4
satisfied:
4 9 26
get
4 7 9 27 50 51 64 68 69 70 72 73 83 90 92 93 94 99
having
4 11 78
test2
4 6 7 8 9 12 13 15 18 19 21 24 31 33 40 42 43 45 47 51 53 56 61 63 67 72 73 80 81 82 83 85 86 89 90 93 94 95 97 99 101
regular
4 16 40 54
expression
4 40 54 71
beautiful.
4
over
4 6 9 13 14 17 18 19 20 21 22 24 26 28 29 30 32 34 37 39 40 41 45 48 49 50 55 56 58 59 60 62 65 74 77 79 84 86 88 92 95 96 97 98 99 100 101
c1,c2,…,cn
4
cases.
4 6 9 11 14 15 16 17 18 19 20 21 22 23 24 25 26 27 28 29 31 32 33 34 35 36 37 38 39 41 45 46 48 49 50 51 52 53 54 55 56 58 59 60 62 63 64 65 66 67 68 69 73 75 76 77 79 81 84 87 88 91 92 93 94 95 97 98 99 100 101
either
4 15 30 36 47 49 56 75 97 98
t
4 6 8 9 11 13 14 15 16 17 18 19 20 21 22 23 24 25 26 27 28 29 31 32 33 34 35 36 37 38 39 40 41 43 44 45 46 48 49 50 51 52 53 54 55 56 58 59 60 62 63 64 65 66 67 68 69 72 73 74 75 76 77 78 79 80 81 84 86 87 88 91 92 93 94 95 96 97 98 99 100 101
color,
4
characters,
4
transformed
4 40 60
print
4 5 7 8 9 10 13 15 18 23 25 30 34 36 38 39 40 42 43 44 45 47 48 50 51 53 56 57 61 66 68 69 70 71 74 76 78 82 83 85 86 89 90 91 94 95 96 97 101
"(())",
4
way
4 10 12 18 19 26 30 47 58 74 94 96 98
"1"
4 40
(())
4 40
example:
4 40 57 85 94
"()()"
4 40
colored
4 16 63 66
expressions
4 40
"+"
4 40 58
1≤k≤n
4
((())))(
4
additional
4 53 66 101
them.
4 8 13 21 28 38 39 46 56 70 74 78 92 95 97 98 101
original
4 40 44 48 55
"()()",
4
1≤ci≤k
4
impossible
4 14 24 39 50
resulting
4 7 40 48 50 53 55 56 63 65 86 97 100
answers,
4 8 26 38 46 78 95 97 101
colors
4 36
"("
4 40 54
"(())"
4 40
colors.
4
(the
4 40 80 95 101
color
4 36 66
case,
4 6 9 11 14 15 16 17 18 19 20 21 22 24 25 26 27 28 29 31 33 34 36 37 38 39 41 45 50 51 52 53 54 55 56 58 59 60 62 63 64 65 66 68 69 72 75 76 77 79 81 84 87 88 91 92 94 95 97 98 99 100 101
by
4 5 6 8 11 12 17 18 20 24 25 26 28 29 30 32 33 35 37 40 42 43 44 46 47 48 50 54 55 58 60 61 62 64 67 68 69 70 71 72 73 75 76 77 80 82 83 85 90 91 92 93 98 99 101
reversed,
4
constraint
4 8 53
between
4 12 14 17 26 28 29 36 37 39 40 41 42 43 48 70 76 82 83 90 92 99
")"
4 40
color;
4
that:
4 12 37 47 70
;
4 7 8 9 10 12 15 30 33 38 39 41 43 53 57 66 89 95 99 101
")".
4 54
(()
4
exceed
4 6 9 13 14 17 18 19 20 21 24 26 28 29 34 35 36 37 39 40 41 45 46 48 49 50 52 53 54 55 56 58 59 60 62 65 66 67 69 70 73 74 75 77 79 80 81 84 86 88 92 93 95 96 97 98 99 100 101
does
4 5 9 13 14 17 20 21 26 28 29 33 34 35 36 37 39 41 45 46 48 49 50 52 53 54 55 56 58 59 60 61 62 65 67 70 73 75 77 79 80 81 84 88 92 93 94 95 96 97 98 99 101
line,
4 5 8 14 70 76 96
))((
4
"((1+1)+1)");
4 40
write
4 55
input:
4 53 66 101
otherwise,
4 7 10 14 21 24 38 46 51 69 91 92 95 96
constraints,
4
bracket.
4 40
character
4 5 15 55 58 68 80 97
cases
4 6 9 14 16 17 18 19 20 21 22 23 24 25 26 28 29 31 34 35 36 37 38 39 41 45 48 49 50 52 54 55 56 58 59 60 62 64 65 68 69 73 75 76 77 78 79 81 84 88 91 92 95 97 98 99 100 101
")))(((",
4
2⋅105
4 6 13 20 21 24 36 39 40 45 49 52 53 55 56 60 62 65 66 73 75 79 81 84 86 88 95 96 99 100 101
"(1)+(1)"
4 40
answer
4 6 8 14 16 20 25 27 28 31 32 41 43 45 46 48 49 50 55 57 59 60 61 63 64 67 68 69 73 75 78 80 83 88 90 92 96 100
where
4 10 11 15 20 21 24 31 41 43 44 49 53 54 56 57 66 69 71 76 80 83 90 92 93 95 97 98
appear,
4
any
4 7 8 12 14 19 20 21 22 23 24 28 34 36 37 38 39 40 41 46 48 49 50 51 56 58 60 63 67 68 69 70 71 72 73 77 78 80 83 85 86 90 91 92 94 95 97 98 99 101
multiple
4 5 6 8 9 14 17 19 20 22 24 25 26 29 30 31 33 34 35 36 38 39 41 42 45 46 48 50 52 54 55 56 58 59 62 64 65 68 71 75 76 82 88 89 91 92 95 97 98 99 100 101
they
4 5 7 12 19 20 23 48 56 58 64 72 74 81 83 89 90 99
inserting
4 40
case
4 6 9 11 14 15 16 17 18 19 20 21 22 23 24 25 26 27 28 29 31 32 33 34 35 36 37 38 39 41 45 46 48 49 50 51 52 53 54 55 56 58 59 60 62 63 64 65 66 67 68 69 73 75 76 77 78 79 81 84 87 88 91 92 93 94 95 97 98 99 100 101
according
4 7
")(",
4 40
1≤t≤104
4 6 13 14 18 19 21 27 28 29 31 34 36 37 39 40 45 49 52 53 56 59 60 62 65 66 73 74 75 79 81 84 86 88 95 96 99 101
sequence;
4
report
4 95
2≤n≤2⋅105
4 39 43 52 62 70 73 81 96 99 101
arithmetic
4 40
bottom
5 100
any.
5 25 26 48 71 76 91 96
page
5
this,
5 27 36 69 83 90 92
cell
5 37 66 98
buttons
5
rows
5 37 55 96 100
state
5 80
l.
5
n=9
5
odd,
5
5≤n≤100000
5
d,
5
available
5
solutions,
5 25 48 71 76 91 96 98
game
5 7 30 56 89
test1
5 11 17 20 22 25 27 28 29 34 38 39 46 48 49 50 55 58 60 64 65 68 70 75 76 77 78 87 88 91 98 100
visualization
5 48
row
5 19 37 55
u,
5
characters.
5 11 15 94
only
5 7 8 10 11 12 13 15 16 17 19 20 23 24 25 27 29 31 34 38 40 41 42 43 46 47 51 54 55 56 58 59 63 64 66 68 70 73 75 76 79 80 82 83 84 85 86 87 90 91 92 97 98 99
button
5 66
real
5 28 69
contain
5 26 33 43 55 56 61 62 70 72 73 91 96 99
odd).
5
up,
5 37
row.
5
moves
5 8 40 43 66 80
arranged
5 7
its
5 6 7 12 17 29 35 38 44 55 59 80 85 86 92
toy,
5
control
5
description
5 6 9 14 17 19 20 21 22 24 25 26 28 29 31 34 35 36 38 39 41 45 48 50 52 54 55 56 58 59 60 61 62 64 65 68 69 73 75 76 78 79 81 84 88 89 91 92 95 98 99 100
leftmost,
5
corresponding
5 12 27 49 69 72 73 78 86 94
machine,
5
right,
5 8 47 98
out
5 20 45 50 59 64 81 92
integers,
5 6 8 21 27 45 48 61 71 73 78
pressed.
5
row,
5
simultaneously
5
numbered
5 7 16 19 20 42 55 66 72 74 82 92
left
5 8 19 20 23 40 41 47 51 56 58 66 99 100
needs
5 24 27 62
presses
5
direction
5 80
most
5 12 14 32 39 40 59 66 69 76 78 93 94
minimized.
5
right.
5 8 19 20 47 55
possible
5 7 18 26 30 31 35 36 39 40 41 44 46 48 49 51 53 56 58 63 69 77 86 92 94 95 97 98 100 101
picture
5 7 16
placed
5 43 92
central
5 32 33
stop
5
cell.
5 37
toys.
5
press
5 66
performed,
5 40
toys
5
lets
5
blocked.
5 92
solution
5 8
presses.
5
rdl
5
left,
5 20 37 47
play
5 89 96
initially,
5 16 26 35 42 43 78 82 99
blocked
5 92
top
5 16
leftmost
5 19
l,
5
empty,
5 12 18 20
5−2=3
5
correspondingly.
5
pressing
5
do
5 7 10 17 26 27 29 39 41 43 48 49 53 56 63 66 68 69 73 76 88 92
non-corner
5
web
5
wall
5
marked
5
test256
5 6 7 8 9 11 12 13 16 17 18 19 20 21 22 23 24 25 27 28 29 30 31 32 33 34 36 37 38 39 40 41 42 43 46 47 48 49 50 51 53 54 55 56 58 60 61 62 63 64 65 66 67 68 69 70 71 72 73 74 75 76 77 78 79 80 81 82 83 84 85 86 87 88 89 90 91 92 93 95 96 97 98 99 100
push
5
time.
5 27 95
achieve
5 7 30 43 58 72 73
end
5 20 58 63 68 69 92 93
better
5
1≤k≤n−2
5
goal
5 43 58 66
machine:
5
uses
5 70 76
1000000
5 16 23 26 79 84
understanding.
5
r,
5
moved
5
would
5 8 16 56 58 69 72 76 80
n−2
5
rightmost,
5
sadly,
6
0≤k≤6
6
an
6 8 9 10 13 15 16 17 18 20 21 22 24 25 26 27 28 29 30 33 34 36 37 38 39 40 41 42 43 47 48 49 50 53 54 56 57 58 59 60 61 62 63 64 65 67 69 70 71 73 74 75 76 77 78 80 82 83 85 87 88 89 90 91 92 94 95 96 97 98 99 100 101
value's
6
large,
6 7 13 31 54 67 80
0≤ai≤63
6
he
6 11 19 20 23 24 27 30 49 56 62 68 76 78 80 101
positive
6 8 14 23 24 25 31 45 49 50 51 58 63 67 79 81 84 91 94
bitwise
6 10 31 85
story,
6
counted
6 31 95
solve
6 21 50 69
1≤n≤2⋅105
6 21 24 36 45 49 56 60 65 66 75
15
6 9 17 29 33 36 45 47 53 70 73 74 98
just
6 74 83 86 90 99
13
6 17 29 30 33 45 49 53 56 65 66 70 74
asks
6 49 68 73 78 80 100
(possibly,
6 39 64 74
ai
6 7 13 15 25 26 28 36 44 49 53 56 67 71 74 78 81 87 92
represents
6 7 15 37 44 85
0
6 7 8 9 10 11 12 13 14 17 18 20 26 28 29 30 31 34 35 36 37 38 39 40 41 43 46 47 50 54 55 57 59 60 62 65 66 67 68 69 71 73 76 79 80 84 85 86 87 92 94 96 97 100
modulo
6 7 10 13 31 41 43 47 54 65 71 80 83 90
operation.
6 31 50 63 85 99
problem.
6 21 44 69 79 83 84 90 92
their
6 20 23 30 38 41 58 69 71 72 73 74 86 98 99
recall
6 10 16 50 55
thus
6 50 75
subsequences
6 64
zero)
6 73 96
[3,2]
6
elements.
6 61 73
may
6 20 23 26 31 44 51 77 89 92 98
bits
6
interesting
6
doesn't
6 12 18 24 40 47 66 69 73 74 83 86 90 95 97 100
representation.
6
4032
6
31
6 9
obtained
6 12 32 48 64 77 101
[3]
6 17 29
10
6 8 9 11 13 16 17 19 24 25 29 30 31 33 36 37 39 41 42 44 45 49 53 54 56 57 59 60 63 65 66 70 72 73 74 77 79 81 82 84 85 88 89 95 98 99 100
[4,5,6]
6
[1,3]
6 93
couldn't
6
[1,2,3]
6 72
63
6
setter
6
some
6 7 8 9 16 18 20 23 24 26 30 33 34 39 40 42 46 47 50 55 66 67 69 72 73 74 82 88 92 93 95 96
109+7
6 13 41 65 71 83 90
follows.
6 9 14 17 19 20 21 22 24 25 26 28 29 31 34 35 36 38 39 41 45 48 50 52 54 55 56 58 59 60 62 64 65 68 69 73 74 75 76 78 79 84 88 91 92 95 98 99 100
guaranteed
6 9 13 14 17 19 20 24 26 28 29 32 33 34 35 36 37 39 41 43 44 45 46 48 49 50 52 54 55 56 58 59 62 64 65 67 69 70 71 75 77 80 81 85 88 89 92 93 95 96 98 100
think
6 55
1≤ai≤2k
7
remain.
7 23
declared
7
eliminated.
7
strongest
7
one,
7 23
all,
7 72
number.
7 9
seed
7
games
7
remains.
7
semifinals
7
(not
7 51 96
rigging.
7
played:
7
particular,
7 72
998244353
7 10 31 43 47 54 80
"seed
7
starting
7 20 30 39 43 63 92 98
rules,
7
planned,
7
teams.
7
16
7 9 17 29 30 33 37 41 66 73 74 79 80 83 84 85 90
already
7 17 19 29 59 60 62 66 68 86 92
0≤k≤19
7
little
7
2k
7
particular:
7
phase
7
on.
7 9 10 42 55 56 66 82
many
7 11 30 63 69 81
"
7 92
weakest
7
non-reserved
7
ones
7 55
a1,a2,…,a2k
7
procedure
7
eliminated
7
go
7 20 47 62 74
(exactly
7
established
7
defeats
7
played
7
ai≠−1
7
champion;
7
fill
7
participate
7 13 72
",
7 92
vs
7
2k−2
7
both
7 23 24 26 30 33 48 52 56 58 59 75 76 83 89 90 92
were
7 20 23 56 66 74 81 92
pairs:
7 52
reserved
7
place
7 40 43 98
remains,
7
team.
7
2k−1
7
apparently).
7
assigned
7 43
1/8
7
might
7 10 46 80
how
7 11 12 23 32 74 81 96 99
k=3
7 95
that?
7
held
7
that,
7 8 24 56 58 74 83 90
768
7
seed,
7
values,
7
decreasing
7
games.
7
loses
7
tournament.
7
gets
7
take
7 19 20 23 41 56 63 83 89 90
rest
7
seeds
7
phase).
7
repeats
7
order),
7
placements.
7
teams:
7
since
7 9 10 13 32 33 41 43 54 63 74 75 86 92
ways
7 23 30 45 65
finals
7
places
7
quarterfinals
7
tournament,
7
ai=−1
7
against
7 30
team
7 30 68
position
7 40 68 76 80 88 101
game,
7 16
them,
7 20 74 78 83 90
(we
7
strength.
7
(so,
7
larger
7 63 67
split
7 63 74
describes
7 19 20 69 92
desired
7 21 66 91 96 98
always
7 8 16 22 23 25 26 28 46 59 80 88 90 91
smaller
7 34
goes
7 30 74 89
rigging
7
winner
7
want:
7
plays
7 30 56
ends,
7
remaining
7 23 56 58 61 74
playoff.
7
teams
7
tournament
7
one.
7 20 32 50 78 92
seeding.
7
1≤t≤1000
8 9 11 16 24 33 46 48 51 58 63 64 77 87 92 98
testcases.
8 13 40 74 86 96
jump
8 70 76
starts
8 20
2≤k≤100
8
point
8 20 35 69 76 80
move,
8 40 43 66 89
takes
8 19 24 47 74
ox
8
respectively.
8 23 26 31 33 37 44 53 54 63 66 69 72 78 80 83 90 93
them
8 13 14 20 27 32 41 44 46 47 53 58 69 74 83 90
endpoint
8
−109
8
jumps,
8
1≤x≤100
8
moves?
8
testcase,
8 13 40 48 53 54 74 86
testcase
8 13 40 74 86 96
jumping
8 76
axis.
8
109
8
negative
8 51
constraints.
8
distance
8 39 70 83 90 93 99
left.
8 23 51
?
8 18 41 69 92 94 97
jumps
8 76
what
8 16 18 19 20 24 36 40 41 42 46 66 81 82 83 86 88 90
distance,
8
mean
8 41
shown
8 11 41 43 44 50 55 60 70 77 83 90
what's
8
reach
8 14 43 83 90
numbers.
9
20
9 30 33 54 66 74 85
39
9 16
a1⋅a2⋅a3=420=b1⋅b2
9
a1⋅a2⋅a3=60=b1
9
60
9
18
9 17 25 29 30 33 54 63 64 74 79 84
30
9 35 45 72
composite.
9
b=[18]
9
while
9 21 54 57 58 66 72 77 78 83 90 92 95
a1⋅a2⋅…⋅an=b1⋅b2⋅…⋅bk
9
v
9 14 26 33 36 43 44 48 62 70 99
33
9 78
themselves.
9 74 95
divisors.
9
14
9 25 30 33 34 53 54 60 66 70 74
neither
9
a1,a2,…an
9
others
9
divisors
9
numbers
9 16 21 28 33 38 39 41 45 49 56 69 73 77 81 88 92 96 98 100
{1,3,5,15}
9
report,
9
prime,
9
divisors,
9
possible.
9 36 46 60 73 74
other
9 12 14 15 20 28 41 43 46 48 50 56 68 69 70 76 83 90 92 95 96
1≤n≤1000
9
21
9 16 25 33 37 53 65 74
ai>1
9
satisfying
9 72 91
1000
9 44 54 65 79 84
build
9 18 44 49 55
several
9 12 13 21 59 64 70 78 86 89 92 95 96
{1,7}
9
b1,b2,…,bk
9
b=[60]
9
{1,2,3,4,6,12}
9
product
9 38
composite;
9
nor
9
105
9 19 28 67 93 98
itself.
9 18 77 100
25
9 45 69
less
9 13 69
conditions.
9 95
divisors:
9
:
9 14 43 62 81 89 97
three
9 19 26 38 43 44 47 58 59 61 66 70 89 92 93 95 101
look
9 56 62 95
greater
9 33 49 77 83 90 94
prime
9
1080
9
a1⋅a2=18=b1
9
side,
9
2≤ai≤107
9
17
9 33 45 66 99
a1,a2,…,an
9 13 17 22 25 26 29 38 41 42 44 45 49 50 52 53 57 61 74 75 82 85 91 101
b=[4,105]
9
integers):
10
b_1
10
\binom{i
10
\bmod
10
b_2,
10
x,
10
b_i
10
c_i
10
\binom{2}{k}
10
\frac{x!}{y!
10
(x-y)!}
10
a_3)
10
a_i
10
b_n
10
\binom{x}{y}
10
way,
10 19 58
coefficient
10 35
test4
10 26 30 41 52 66 69 71 74 79 84
y)
10
10^7
10
1283
10
b_3
10
(\binom{3}{k}
10
a_2
10
a_1)
10
\oplus
10
a_j)
10
b_1,
10
m
10 13 14 19 20 23 26 30 31 33 35 37 47 48 56 63 72 92 95 100
c_n
10
(\sum\limits_{j=1}^{i}
10
1}{k}
10
six
10
[a_1,
10
<
10 15
c_2
10
non-negative
10 26 31 36 37 41 50 67 85
well.
10 58
taking
10 19 48 61 75
(\binom{1}{k}
10
calculated
10
input;
10
(a_{i-1}
10
(\binom{2}{k}
10
operator.
10
a_n
10
100
10 35 54 66 67 69 71 79 84 94
b_2
10
follows
10
a_1,
10
calculate
10 15 17 29 43 47 53 57 73 94 100
\binom{1}{k}
10
\cdot
10
+
10 54 58 92
\dots,
10
denotes
10 26 31 85
generated
10 33
outputting
10 26 92
a_2)
10
(without
10 70
a_2,
10
c_1
10
too
10 31 69 80
formally,
10 32 41 43 45 56 67 68 72 83 90 93
binomial
10
a_n]
10
\le
10
following:
10 17 29 43 63 66 80 89
modified
10
slow,
10
a_1
10
multiplication).
10
\dots
10
=
10 28 73 95
timur
11
help
11 13 21 27 30 56 70 74 76 78 79 84 96 99 100
can't
11 39 41 46 63 66 72 89 92
codeforces.
11
"coolforsez"
11
s=
11
lowercase
11 12 34 51 60 64 86 95
differs
11 28
why
11
wants
11 19 20 24 27 30 49 56 64 73 76 78 79 83 84 90
bold.
11 55
codeforces
11 60 86
forcescode
11
"codeforces".
11
containing
11 21 23 28 54 61 94 98 101
indices,
11
coolforsez
11
"codeforces"
11 60
finding
11
cadafurcie
11
indices
11 38 47 72 93
loves
11 13 32 73
that's
11 39
paiuforces
11
differs.
11
know
11 19 20 28 56 80 83 90 92 99
reorder
11 65
empty)
12
together
12 20 27
abcabcabcabc
12
(b,c),
12
compute
12 72
pairs,
12
(a,c),
12
acb
12
beginning
12 68 93
(a,b),
12
(ab,c).
12
quantum
12
abacaba
12 27 64 86
ab
12
preceded
12
zero
12 49 61 63 64
pairs.
12 52 91
(ab,ba).
12
adamant
12
certain
12 24 30
link
12 44
b,
12 95
mebibytes
12
abba,
12 51
followed
12 20
immediately
12 92
all)
12 64
(a,bc),
12
entanglement
12
words,
12 14 28 41 43 50 69 70 83 90 95 96
substring
12 34 54 95 97
abc.
12
abba
12
occurrence
12
whole
12 61 68 95
cb
12
total
12 20 24 32 40 72 86 92 93 99
integer,
12 41
space.
12 33 87
(a,b)
12 26 76
end.
12 20 58
deletion
12 64
substrings.
12 34 95
far
12
(possibly
12 24 73 96 99
82
12
ba.
12
english
12 60 64
pair,
12
particles
12
matter
12 23
1≤|s|≤105
12
dances
13 81
dance;
13
she
13 44 64 70 73 83 89 90 96 100
true:
13
magnificent.
13
her
13 70 73 83 90 96 100
whom
13
pairwise
13 17 29 65 70 79 83 84 90
considered
13 47 50 56 65 69
magnificent
13
strictly
13 72
dance.
13
students,
13
dances,
13
statements.
13
1≤ai≤109
13 17 29 42 49 53 61 65 74 79 82 85
must
13 27 31 50 68 69 72 73 75 76 92 96 100
11
13 17 24 28 29 30 33 41 42 45 49 53 54 63 66 68 70 74 80 82 85 88 89 98
involves
13
choose
13 17 23 26 29 30 35 39 43 44 46 50 53 67 72 74 75 77 78 88 89 93 96 101
[4,2,2,3,6]
13
studio
13
students.
13
participate,
13
huge
13 16 96
distinct;
13
decided
13 20 27 73 78 80 81 92 101
students
13
(students
13
dances.
13 81
|3−6|=3
13
own
13 20 56
difference
13 17 28 29 41 42 79 82 83 84 90 99 100
found
13 20 61 92
dancers
13
testcases
13 40 74 86 96
a=[4,2,2,3,6]
13
level
13
red):
13
th
13 28 81
participating
13
dances:
13
different.
13 53 65
[8,10,10,9,6,11,7]
13
much.
13
very
13 27 68 92
sets
13
levels
13
spanish
13
m=3
13
although
13
1≤m≤n≤2⋅105
13
explained
13 77
absolute
13 41 69
highlighted
13
interested
13 21 32 93
bidirectional
14
road
14 47 92
graphs
14
(upper
14 50
here
14 69 80 85
n−1
14 36 43 44 55 56 59 62 70 83 85 90 96 99
travel
14 92
determine
14 23 27 28 33 46 48 49 58 60 70 81
2≤n≤5⋅105,0≤m≤5⋅105
14
form
14 32 36 38 43 44 45 48 62 69 70 71 83 85 88 89 90 97 99
u
14 26 33 36 44 48 62 70 99
route.
14 70 83 90
1≤u,v≤n,u≠v
14
route
14 70
denoting
14 24 26 43 56 76
roads.
14 92
recognized
14 23 49 50 51 63
"yes",
14 48 49 50 63
together.
14 27
routes.
14 83 90
country
14
path
14 36 37 43 44 85 92 98 99
using
14 17 29 39 49 62 63 69 76 98
simple
14 44 48
yes
14 23 38 48 49 50 51 63 70 95
sample
14 69
test2.5
14 16 23
"yes"
14 23 48 49 50 63 70
allows
14
follow.
14 24 26 77
cities
14 72
5⋅105
14 34 59
responses.
14 50
tree.
14 36 43 44 47 59 62 70 83 85 90 96 99
"no".
14 48 50
connecting
14
1≤x,y≤n
14
lower).
14 50
result
15 27 56 72 77 98
comparing
15
1≤n≤100
15 22 46 87 91
cost
15 35 40 44 97 98 99
ai+1
15
ai>ai+1
15
<><><><
15
lines:
15 53 101
>
15
if,
15
[1,2,5,4,2]
15
among
15 31 74 83 90 92 97 99
>>>>>
15
[42,37,13,37,42]
15
i.
15 42 66 82 95
);
15 66 101
e.:
15
[13,37,42,37,13]
15
>><<
15
<<>>
15
si
15 80
it.
15 40 42 43 49 53 66 70 75 77 79 82 84 94 99
ai<ai+1
15
<<>>.
15
arrays
15 52 65 75 101
1≤t≤500
15 76
>.
15
n+1
15 32 45 47 80
compatible
15
falls,
16
1434
16
fall,
16
12+22+42=1+4+16=21
16
directly
16
shows
16 72
64-bit
16
58116199242129511
16
those
16 58 97
fifth
16 19 25 55 58 59 60 68 72 77 95
92
16
type
16 20
c++).
16
146
16
label
16
causes
16
12=1
16
(like
16
42
16 31 73 78 94
12+32=1+9=10
16
language
16
statement.
16 22 27 33 44 58 63 77 91
pyramid,
16
above
16 22 33 41 43
type.
16
stacked
16
fall?
16
throw
16
pictured
16 33 63
2023
16 76
valid
16 26 48 54 63 89 91
n2
16
cans
16
hit
16
means
16 26 58 69 77 100
156
16
ball
16
22
16 30 45 53 93
pattern
16 97
inputs,
16
cans,
16
fall.
16
hit.
16
labeled
16 48
pyramid
16
on).
16
type,
16
63145186
16
12+22+32+52+62+92=1+4+9+25+36+81=156.
16
use
16 24 50 69
carnival
16
please
16 17 25 29 59 69
fall
16 47
46
16 53
programming
16
is,
16 28 49 98
note,
16 100
fit
16 68
n2=n×n
16
red
16 48 56 63
12+22=1+4=5
16
rows,
16
won't
16
1≤n≤106
16 80
32-bit
16
shown.
16 89
32
16 41 65 99
(that
16
1≤t≤5⋅103
17
amount
17 23 24 29 72 74
range-sort
17 29
beauty
17 29 73 93
version
17 29 79 83 84 90
l=1
17 29 89 91
arbitrary
17 22 29 88 91 97
subarrays
17 29 45
0+0+0+0+1+1=2
17 29
constraints
17 22 26 29 66 69 79 84 89 101
1≤n≤5⋅103
17
l
17 29 61 89 93 101
232
17 29
distinct
17 22 26 29 65 69 77 83 88 90 91
seconds.
17 29 78
needed
17 24 29 62
[3,10]
17 29
r−l
17 29
[4]
17 29
operation
17 26 29 39 40 42 50 53 56 59 63 68 75 77 82 99
r=3
17 29 89 91
defined
17 26 29 32 50 62 76 80 99
0+0+1=1
17 29
case:
17 25 29 62 76
r
17 29 57 61 89 93 101
pl,pl+1,…,pr
17 29
[10,6]
17 29
[3,10,6]
17 29
[6,4]
17 29
hard
17 42 79 82 83
l=2
17 29 89
3−2=1
17 29 88
1≤l<r≤k
17 29
consecutive
17 29 30 45 61 68 87
choosing
17 23 29 35 72
r=2
17 29 89 91
array.
17 18 29 36 53 73 87
[10]
17 29
2−1=1
17 29 88
p1,p2,…pk
17 29
[6]
17 29
operation,
17 29 42 53 59 60 82 85 86 88
sorted,
17 29
5⋅103
17
3⋅105
18 29 54 74 97
produced
18
[a1,a2,…,an]
18 21
a1,a2,⋅,an
18
|a1−a2|+|a2−a3|+⋯+|an−1−an|
18
task
18 35 39 50 52 54 81 87
zero);
18
element;
18
deleting
18 61
(maybe
18
0≤ai≤109
18 41 50 67
1≤n≤3⋅105
18 29 54
i.e
18
order?
19
occupies
19
in:
19
x1,x2,…,xn
19
thus,
19 55 56 77
people
19 23 46 72 81 83 90
vocaloid.
19
order:
19 62
last
19 27 28 34 45 48 58 61 73 80
–
19
in,
19
i.e.
19
seat.
19
he'll
19
xi>0
19
leave
19 58 73
seventh
19 68 77
-2
19 28 73
xi≠0
19
order.
19 22 28 39 40 56 69 70 72 74 77 86 88 91 97 101
took
19 99
come
19 32
about
19 61 72 92 96
seat,
19
ways:
19
seat:
19
want
19 93 99
rightmost
19
1,2,3,4
19
seat
19
xi=−1
19
taken:
19
seats,
19
right
19 37 40 43 51 55 66 100
sitting,
19
seats.
19
way.
19 32
xi=−2
19
part
19 32 68 101
currently
19
occupy
19
show.
19
−2≤xi≤m
19
it's
19 24 31 39 43 44 46 53 64 66 67 85 86 89 93 95
sixth
19 59 77 95
occupied..
19
who
19 20 46 58 89
person
19 46 81 83
1≤n,m≤105
19
because
19 22 23 26 36 57 59 61 70 71 92
taken,
19
apple
20
ki=0
20
assortment
20
backpack.
20
aij
20
upon
20
schoolboy
20
apples,
20
somewhere
20
disappear
20
shop
20
buy
20
remember
20
sell
20 99
home,
20
could
20 23 56 58 69 75 81 92 101
happens
20 58
dan
20
support
20
entering
20
managed
20
like
20 56 62 76 80 83 90 96
however,
20 27 28
former
20
drastically,
20
stall.
20
shops,
20
doing
20
danya
20
disappearance
20
deterministic.
20
1≤aij≤m
20
(including
20 78 93
programmers.
20
described
20 27 32 41 77 80 91
visiting
20
kind
20
put
20 56 100
sports
20
dani's
20
number,
20 41
wouldn't
20
works
20
there,
20
was.
20
—the
20 68 70 92
buys
20
backpack
20
anything
20 68
quit
20
empty).
20 77
programming,
20
purchases
20
lives
20 83 90
friends,
20 99
surprise
20
tired
20 68
remembering
20
lot
20
shops
20
assortment.
20
had
20 92 101
stalls
20
shop.
20
ki
20
remembers
20
disappear.
20
visit
20 76 93
puts
20
0≤ki≤2⋅105
20
misha.
20
apples.
20
nothing.
20
forest
20
1≤n,m≤2⋅105
20
1≤t≤2⋅105
20
forgotten
20
lose
20
kinds
20
buying
20 32
magically
20
misha,
20
entire
20
friend
20
best.
20
magical
20 70
came
20 81
importantly,
20
his
20 23 27 32 49 56 68 76 78
changed
20 42 68 82 92
returning
20
sells
20
sold
20
stall
20
shop,
20
backpack,
20
format
20
apple,
20
everything
20
stalls,
20
unfortunately,
20 39 47 56 73 74 76 92
realized
20
second,
20 58 76
permutation.
21 77 88 91
became
21
otherwise.
21 23 24 35 49 63 70 89
non-trivial
21
exists.
21 22 25 59 70 80 88 92
…
21 65
him
21 23 24 30 56 68 79 84
[0]
21
separate
21 28 33 77
[2,3,2]
21
permutations,
21
[3,5,2,1,4]
21
whether
21 23 39 49 50 51 58
[1,3,2]
21
grisha
21
[4,3,1]
21
also
21 22 28 51 54 69 70 77 88 91 95 96 100
[1]
21
suitable
21
bi=(a1+a2+
21
+ai)modn
21
[b1+1,b2+1,…,bn+1]
21
construct
21 98 100
line:
21
a1+b1≤a2+b2≤a3+b3≤…≤an+bn
22
[2,3,1,5,4]
22 88 91
1≤ai≤n
22 45 52 57 101
bound
22
1+1≤2+2≤4+4≤5+3≤3+5
22
n=3
22 77 88 91
array),
22 91
[1,2,2]
22 88 91
[1,3,4]
22 72 88 91
mentioned
22
a=[1,2,4,5,3]
22
b=[1,2,4,3,5]
22
proven
22 26 46 48 67 72 95
array).
22 88 91
1≤t≤2000
22
†
22 36 54 64 75 83 85 90
even
23 30 34 49 95 98
letter
23 51 64
(for
23 49 61 63 97
vote:
23
indefinitely
23
round,
23
make
23 39 40 47 56 59 60 63 66 68 69 72 75 83 85 86 89 90 92 96
algorithm
23
rounds?
23
"no"
23 49 63 70
1≤t≤105
23 26 32 35 54 67 93
away
23 69
man's
23
vote,
23
algorithm,
23
eventually
23
algorithms
23
votes
23
favorite
23 56
makes
23 59
puppet
23
1≤n,m≤106
23
{1|1|1,1|1|2,1|2|1,1|2|2,2|1|1,2|1|2,2|2|1,2|2|2}
23
ends
23 92
answer).
23 49 51 63
algorithms.
23
case.
23 27 32 43 49 59 78 94
l'engle
23
person.
23 46
wrong
23 69 92
vote
23
remain
23 58
though
23
options
23
madeleine
23
voting
23
manipulate
23
1|1|2|2
23
available.
23 24
programmers
23
yes,
23 51
option,
23
choice,
23
ends.
23
programmer
23
options.
23
amongst
23 46
option
23 24
continue
23 92
finite
23
si2=0
24
skills?
24
minutes
24 30
precisely,
24
fine".
24
skills
24
give
24
reading
24 92
si1=0
24
required
24 38 40 54 59 60 69 70 86 97
spent
24
victor
24
books
24
acquires
24
skills.
24
books.
24
book
24
1≤mi≤2⋅105
24
3+2=5
24
si1=1
24
00
24 80
3+4=7
24
01
24 80
skill
24
skills,
24
none)
24
become
24 97
mi
24
obtain
24 27 51 97 101
si2=1
24
"mr.
24
acquire.
24
represented
24
acquire
24
a3=9
25
24
25 78
a1=3
25
1≤n≤200
25
perfect
25
a1+a2+a3+a4+a5=3+4+9+4+5=25
25
a2=2
25
1≤i≤n
25 28 60 65 67 77 100
a2=4
25
a1=1
25
criteria:
25 58
perfect.
25
1≤ai≤1000
25
a4=4
25
a1+a2+a3=1+2+3=6
25
a3=3
25
a1+a2+…+an
25
36
25 45
1≤t≤200
25 78 100
a5=5
25
vertex.
26 33 44 70 85
[19,16,17,20]
26
3m
26
a2≠a3
26
matter.
26
vertices
26 33 36 43 44 59 62 70 85 89 96 99
[12,5,6,7,6]
26
weight.
26
[5,3,4,0]
26
a4≠a5
26
values
26 28 31 33 36 42 43 44 61 71 73 75 78 82 85 99 101
bi
26 28 36 44 49 56 78 92 93
final
26 59
weights
26
groups
26
edges
26 33 36 43 44 48 62 70 85 89 96 99
adjacent
26 40 73 86
triangle.
26
graph,
26 33 48 89
edge.
26 33 48 62 70 89
triangle
26
task.
26
3≤n≤106
26
group
26 46
(c,a)
26
property:
26
(x,y)
26
1≤a,b,c≤n
26
edge,
26 62 70 99
[0,0,0,0]
26
(b,c)
26
once:
26 50 77
multi-edges,
26
easy
26 29 42 82 84 90
(ci,ai)
26
412
26
a1≠a3
26
self-loops.
26 33
(bi,ci)
26
each.
26 69
au
26
distinct,
26 75
triangles.
26
vertex
26 33 36 43 44 59 62 70 85 89 96 99
increase
26 43 50
av
26
weight
26
multi-edges:
26
connected
26 30 33 44 48 59 70 83 85 89 90 96
(ai,bi)
26
[3,4,5,6]
26
a,b,c
26
edges.
26 48 89 99
a1≠a4
26
(u,v)
26 36
a1≠a2
26
a1≠a5
26
0≤ai≤106
26
au≠av
26
4⋅105
26
[0,0,0,0,0]
26
1≤eab,ebc,eca≤4
26
eab,ebc,eca
26
1≤m≤4⋅105
26
1≤ai<bi<ci≤n
26
divided
26
undirected
26 48 59 70 83 89 90 99
106
26 35 37 41 80
appear
26 59
chosen
26 44 48 50 72 92 101
requirement
26
edge
26 36 43 44 48 59 62 85 89 96 99
record.
27
2≤n≤50
27
necessary
27
record
27
abcdefg
27
'e',
27
representing
27 44
melodies
27
merge
27 75
match
27 94 97
abab
27
recorded
27
sample,
27 35 36 52 80
"aba",
27 34 64
aaaaaa
27
melody.
27
'a',
27
sound
27
"ab"
27 64
'f',
27
"ca".
27
babdd
27
'd',
27
melody
27
compose
27
notes
27 95
"ba",
27
guitar
27
'c',
27
"aa".
27 34
playing
27 66 89
"ac",
27
guitar.
27
descriptions
27 49 77
'g'.
27
represent
27
experienced
27
"abab".
27
'b',
27 86
actual
28
|a1−b1|=|1−2|=1
28
indeed:
28
[
28
|a3−b3|=|5−5|=0
28
satisfied.
28 46
day.
28
degrees.
28
days.
28
nd
28
1≤n≤105
28 67
equality
28
1≤2=k
28
|a5−b5|=|9−11|=2
28
2,5,11,2,4
28
-4
28 73
temperature,
28
day,
28 83 90
estimated
28
expected
28 43 90
mixed
28 56
1,3,5,3,9
28
].
28
satisfied;
28
forecast
28
n=5
28
−109≤ai≤109
28 73
days
28
corresponds
28 81 101
0≤k≤109
28
|ai−bi|≤k
28
]
28
k=2
28 39 95
|a2−b2|=|3−2|=1
28
air
28 83 90
2,2,5,4,11
28
present
28 58
berlandia
28
up.
28
true.
28
data
28 50 78
temperature
28
so:
28
|a4−b4|=|3−4|=1
28
true
28 91
−109≤bi≤109
28
day
28
rearranged
28
-5
28 73
actually
28 58
2≤2=k
28
st
28
rd
28
|ai−c|≤k
28
0≤2=k
28
world,
30
zombies.
30
other,
30
minute,
30
generators.
30
that!
30
non-inclusive
30
base.
30
through.
30
generator
30
minute
30
manually.
30
taken
30 47 92
hordes
30
difficult
30
26
30 31 32
zombie
30
[li,ri)
30
1≤k≤n≤2000
30
coming
30
enter
30
base,
30
them).
30
fully
30
entrances
30
defended
30
dedicated
30
invading
30
automatically
30
survivors
30
1≤m≤x≤109
30
inside
30 66 68
attempts
30
generators,
30
post-apocalyptic
30
manually
30
defend
30
entrance;
30
0≤li<ri≤x
30
work
30
through
30
gamer.
30
entrance.
30
connect
30 33 48
independently
30
[0,x)
30
none
30
invade
30
options:
30
him.
30
generator.
30
connects
30 44 48 62 92
survivor.
30
small
30 32
generators
30
interval
30 54
trying
30 49
computer
30
weird
30
entrance
30
base
30
minutes.
30 74
li
30 35 46 54 66
duration
30 74
invasion
30
entrances,
30
electric
30
fence
30
fry
30
generator,
30
n,k,x
30
chooses
30 89 92
ri
30 35 54 66
(or
30
interval.
30 35
polycarp
30 74
setting.
30
automatically.
30
used
30 44 88 92 100
defending
30
please,
30 74
shoot
30
power
30
1000000000000000000
31
a1,a2,…,a10
31
a1+a2+…+am=n
31
34
31 65
a1
31 65
1369
31
our
31
5,5,1,1,5,5
31
a1,a2,…,am
31
1+5=6
31
a1=69
31
therefore
31 68
(5,0)
31
(a1,a2)
31
0≤n≤1018,1≤m≤105
31
69
31 65 78
a1⨁a2
31
a1⨁a2⨁…⨁a10=0
31
⨁
31
(0,5),(1,4),(2,3),(3,2),(4,1)
31
420
31 65
a1⨁a2⨁…⨁am
31
216734648
31
73
31
here,
31 67
44310
31
5,
32
"snail".
32
bun,
32
outer
32
non-obvious
32
tema
32
sizes
32 56 63
rolls
32
integers.
32 37 42 45 49 50 59 65 67 72 76 82 100 101
layer
32
square
32 55
separated
32 33 76
viewed
32
poured
32
stopped
32
describe
32 44 57 83 85 90
4≤n≤109
32
shortest
32 36
calculating
32
dough
32
picture:
32
179179179
32
n≥4
32
cinnabon
32
delicious
32
shape
32
chocolate
32
spiral
32
vertical
32 56
question
32 94
rolls,
32
above.
32
layer.
32
spirals
32
roll.
32
wrapping
32
32105178545472401
32
4,
32
buns
32
thin
32
50
32 35 65 69 72
chocolate,
32
side
32
roll
32
chocolate.
32
segment
32 34 76 77 87
much
32 74
37
32
around
32 70 76
below
33 59
y=3
33
attached
33
order,
33 72
n(n−1)
33
u≠v
33 48 70
vertices.
33 43 44 59 62 96
1≤u,v≤n
33 48 70
1≤m≤min(1000,
33
snowflake
33
2≤n≤200
33
those.
33
incorrect,
33
19
33 45 54 66 74 85
x=5
33
"baab",
34
"zz",
34
(counted
34
accabccbacca
34
1≤n≤5⋅105
34
forward
34
"bbaa",
34
"codeforces",
34 60 64
"abbaaa".
34
"aa"
34
"abaaba",
34
continuous
34 77
abcdef
34 86
"abba",
34
palindromes.
34 51
backward
34 64 67
reorders.
34
twice),
34 77
"reality",
34 64
length.
34
partitioned
34
"abccba"
34 64
"bb",
34
abaaba
34
palindromes,
34 64
abbaaa
34
reads
34 51 64 67 95
without
34 37 39 40 61 74 86 89 94 96 99
points
35 69 71 76
coordinate
35 69 76
points.
35 69
within
35
costs
35 98
[li,ri]
35 54 66
interval;
35
coordinates
35 69 76
p1,p2,…,pm
35
1≤n≤106,1≤m≤106
35
78+30=108
35
covers
35
endpoints
35
interval,
35
0≤pi≤109
35
108
35
line.
35 43 47 89
as:
35
coefficients
35 71
subset
35 48 92
activate.
35
intervals
35 54
intervals.
35 54
activated
35
activate
35
activated.
35
test5
35
it,
35 39 100
78
35
maximize
35 58 100
1≤li≤ri≤m
35
[0,3,1,2]
36
array,
36 38 42 53 82 101
paths:
36
nodes.
36 48
(1,2)
36 44 52 100
(3,3)
36
1,3
36
(1,3)
36 52
belong
36 96
paths
36 98
(2,3)
36
tree?
36
[3,1,0,1]
36
[2,2,1]
36
(1,1)
36 98 100
across
36 52 54 73 75
(2,2)
36 98 100
node,
36
nodes
36 43 48 59
excluded)
36
(minimum
36
1≤ai,bi≤n,ai≠bi
36
1≤u≤v≤n
36
instance:
36
indicating
36 62
96
36 78
notice
36
0≤ai,j≤1000
37
ai,j=0
37
stepping
37
n,m
37 47
water
37
depths
37
lake.
37
down,
37
volume
37
depth
37
column.
37
columns
37 98 100
1≤n,m≤1000
37
lake
37
times
37 39 62 78 99
n⋅m
37 100
ai,j
37
going
37 55 74
ai,j>0
37
grid,
37 98
follow
37 49
n×m
37 100
grid.
37 98
(n−1)n
38
a1⋅a2=−1≠1
38
hence
38 71
show,
38
ai⋅aj=1
38
no.
38 51 95
1≤t≤100
38 41 68 91
a2⋅a3=−1
38
a1⋅a3=1
38
2≤n≤100
38
1≤i<j≤n
38 52
0≤k≤
38
-characteristic
38
a1⋅a2=1
38
a1⋅a2=−1
38
-characteristic.
38
exchange
39
1≤k≤n−1
39
exchange.
39
to:
39
(p2,p4)
39
swapped.
39
repeat
39 41 43 56 75
sorted
39 97
p1
39 88
zero):
39
(p1,p3)
39
ascending
39
1,
39 55 97
check,
39
sorting,
39
-1,
39
|i−j|=k
39
check
39 51
exchange,
39
preliminary
39
why,
39
not,
39
(p2,p3)
39
produce
39
(p1,p2)
39
[2,4,3,1]
39
exchanges,
39
pick
39
exchange;
39
0,
39 55 97
p4
39 88
[3,4,1,2]
39
exchange:
39
[1,4,3,2]
39
fixed
39 69 92
(()()(()))
40
perform.
40
times:
40
extract
40
brackets.
40
(between
40
possibly,
40
instead,
40
before).
40
insert
40 41 68
()
40
concatenate
40
'('
40
parts
40 56 86
sequence?
40
closing
40 74
regular.
40
opening
40
0≤k≤5
40
changing
40 61 74 86
back
40 41 75
((())()(()())((())))
40
pair.
40
')'.
40
brackets,
40
actually,
40
remove
40 41 73 74 86
end;
40
sequence,
40
x+y
41
multiset
41
exact
41 83 90
you're
41 71 91
optimal
41 53 66
59
41
substitute
41
q≢0(modm)
41 43
irreducible
41 43 83 90
fraction
41 43 83 90
2≤n≤106
41
|a−b|
41
multiset.
41
500000005
41
|7−3|=4
41
m=109+7
41 83 90
10.5
41
multiset,
41
p⋅q−1modm
41 43
operations:
41 63
x⋅q≡p(modm)
41 43
1.5
41
expressed
41 43 83 90
64
41 100
500000005⋅2≡3(mod109+7)
41
0≤x<m
41 43 83 90
{a1,a2,…,an}
41
versions
42 82 83 90
k1,k2,…,kq
42 82
it?
42 82
red.
42 82
red,
42 82
times.
42 82
blue,
42 82
queries.
42 57 61 82 92
affect
42 82
decreases
42 82
1≤kj≤109
42 82
asked
42 82 100
then:
42 82
array;
42 82
select
42 44 82 86
1≤n,q≤1000
42
increases
42 50 82
blue;
42 82
p(c(1)=0)=0
43
1≤ui,vi≤n
43 48 62 89 99
ui≠vi
43 48 62 89
e[c(1)]
43
1→2→3
43
tree);
43
e[c(1)]=
43
1→12→0.51→12→0.53
43
ui
43 48 62 83 85 89 90 96 99
p(c(1)=i)=
43
c(1)=1
43
moves.
43 66
p(c(1)=1)=
43
i=1
43 98 100
{v,to}
43
numbers:
43
c(to)
43
∑
43 57 100
p(c(1)=3)=
43
c(1)
43
1≤s,t≤n
43
uniformly
43
start.
43
counter
43
edges,
43
you'll
43
=2
43
counters,
43
result,
43
c(s)
43
tree:
43 83 90
1→12→0.51→12→0.51→12→0.53
43
neighbors
43 81 99
finishing
43
below:
43 44
c(v)
43
series
43
image
43
leads
43
vi
43 48 62 70 83 85 89 90 96 99
neighbor
43 81 85
s≠t
43
1⋅
43
probability
43
∞
43
2i
43
m=998244353
43
general
43
suppose
43 89
chip
43
p(c(1)=2)=
43
yj
44
dj=1
44
xj,yj,cj,dj
44
gives
44 57 64 85
satisfy
44 61 69 72
min(a,c)=1,b+d=7
44
once).
44
shouldn't
44
a=1,b=18,c=1,d=17
44
1≤bi≤2⋅105
44
first,
44 58
35
44 45 73
s′
44
vertices,
44 85 89
abstracts
44
di
44
selected
44 86 92
dj
44
216
44
follow,
44
min(a,c)=2,b+d=4
44
(you
44 53 68
aim
44
cannot
44 60
next,
44
t′
44
7000000
44
b1,b2,…,bn
44 52 75
p−1
44
1≤ai≤2⋅105
44
contained
44 68
abyss.
44
yourself)
44 58
cj
44
min(1,1)⋅(18+17)=35
44
finds
44
xj
44
1≤xj,yj≤n,1≤cj,dj≤2⋅105
44
anime
44
(xj,yj)
44
clearly,
44
interesting.
44
3≤n≤2⋅105
44 53 79 84 89 95
min(a,c)⋅(b+d)
44
component
44
(cj,dj)
44
watching
44
cj=2
44
rearranging
45
[1,2,3,4]
45
n−k
45 74
answers
45
55
45 65 78
[5,4,3,2,1]
45 72
[5,2,1,4,3]
45
[2,1,3,4]
45
[2,1,4,3]
45
[1,2,3,4,5]
45
[l,r]
45 77 93
[5,2,1,3,4]
45
41
45
[0,n]
45
max(al,al+1,…,ar)−min(al,al+1,…,ar)=r−l
45
[5,2,3,4,1]
45
people.
46 83 90
said
46
us".
46
contradictory,
46
truth,
46
possible,
46 76 93
group.
46
integer.
46 85 98
liar,
46
says
46
tell
46 68 83 90 96
104
46
requirements
46
liars.
46
saying
46
truth.
46
0≤li≤n
46
liars,
46
liars
46
liar.
46
tells
46
everybody
46
"there
46
lies.
46
height
47 56
mall,
47
1≤m,k≤n≤3⋅105
47
road;
47
spot.
47
grows
47
trees.
47
mall.
47
trees,
47
alley
47
grow
47
fallen
47
lot.
47
311
47
unfortunate
47
x1,x2,…,xm
47
shopping
47
spot
47
alleys
47
alley.
47
x−k
47
x+k
47
inclusive.
47
front
47 71
falls
47
chop
47
chopped
47
spots
47
mall
47
parking
47
necessarily
48
1→3→4→1
48
subgraph.
48
belonging
48
4−5
48
cycle.
48
lines,
48 76 98
completing
48
1→2→3→4→1
48
2000
48 77 92
node
48
connected.
48
3−5
48
3−2
48
belongs
48 66
1≤n,m≤2000
48
furthermore,
48
4−6
48
subgraph
48 89
graph.
48 89 99
cycle
48 80
special
48 66
cycle,
48
matter,
48
extra
48 95
1.
48 54 55
10000001
49
29
49 65
assign
49 50
avoid
49
strings,
49 64
chosen.
49 77 101
impossible,
49
parity.
49
ai−aj
49
odd.
49
answer,
49 51 69 78
considers
49
complex
50
[0,1,1,0]
50
compared
50
1≤t≤50000
50
subsegment
50
increased
50
structures
50
held,
50
problems.
50 74
once,
50
c1,c2,…,ck
50 95
know,
50
mex(a)=m
50
statement
50
hold
50 66
mex(a)=1
50
constructive.
50
al,al+1,…,ar
50 61
200000
50
mex(a)=m+1
50
mex(a)=0
50
offered
50
1≤n≤200000
50
subsegment.
50
original.
50
require
50
mex(a)
50
aaaa,
51
aabaa
51
ocdedco,
51
codedoc
51
racecar
51
palindrome.
51 67
abacaba,
51
no,
51 55
2≤|s|≤50
51
(yes,
51
gg
51
(5,7)
52
(4,7)
52
(3,4)
52
1≤bi≤n
52
(5,6)
52
(1,5)
52
arrays.
52
good
52 76 83 90 95
ai⋅aj=bi+bj
52
(i,j)
52 55 100
(2,8)
52
999999996
53
999999999
53 66
[5,10,6]
53
different)
53
leaves
53
999999998
53
999999997
53
minimums,
53
3999999986
53
produces
53
minimums
53
answer.
53 69 92
applying
53 77 99
[2,5,1,6]
53
outcome:
53
1≤k≤99999
53
erase
53 89
maximum.
53
999999995
53
yourself):
53
62
53
2k<n
53
them;
53
delete
53 64
140
54
string.
54 64 80 86
¯
54
839415253
54
really
54 66
‡
54 64
(),
54
()(())
54
((())),
54
(()(()))
54
(()))(
54
300
54
(()()),
54
((())(())),
54
empty
54 74 96
()()().
54
consequently,
54
)(,
54
901
54
slisli+1…sri
54
((())()()),
54
701
54
()()(()())
54
((),
54
sequences.
54
regular,
54
0≤k≤3⋅105
54
1≤l≤r≤n
54 61 77 101
1≤li≤ri≤n
54
†,‡
54
(())(),
54
801
54
math
54
turn
54
adding
54 59 68
1≤i≤k
54
[1…3]
54
us
54
200
54
()()((()))
54
lengths
55 97 99
"01011",
55
shift
55 66 99
top-to-bottom.
55
"01101".
55
|s|
55
jojo
55
1≤t≤2⋅104
55 94
ones.
55
"01011"
55
rectangle
55 56
0≤y1≤y2<n
55
area
55
y1≤j≤y2
55
ones,
55
x1≤i≤x2
55
1≤|s|≤2⋅105
55
sn−k+1…sns1s2…sn−k
55
table:
55
101010
55
legend
55 89
101
55
1×1
55
dio!
55
here?
55
area.
55
table,
55
cyclic
55 70
rectangle,
55
itself
55
011110
55
n×n
55
rectangles
55 56
me,
55
did
55 56
0≤x1≤x2<n
55
wi
56
butcher.
56
anton
56
times,
56 95
h
56
cuts.
56
forgot
56
hi
56
heights
56
cut):
56
dinner.
56
green
56
ancients
56
cuts,
56 96
one):
56
3×1
56
1≤ai,bi≤106
56
too.
56
didn't
56
1×3
56
(first
56
(h,w)
56
shuffled
56
still
56 101
(h−x)×w
56
looked
56
(h−1)
56
rotate
56
h×(w−y)
56
(w−1)
56
"defense
56
4×5
56
obtained.
56 75 100
it!
56
horizontal
56
cuts
56 96
rectangles,
56
h×y
56
cut
56 96
sides.
56
widths.
56
h×w
56
box
56
10×10
56
x×w
56
made,
56
rectangle.
56
width
56
hero
56
w
56 70
2"
56
{ap:i≤p≤j}⊆{aq:x≤q≤j}
57
1≤l≤r≤n,1≤x≤y≤n
57
g(i,j)=0
57
{ap:1≤p≤4}⊆{aq:x≤q≤4}
57
g(6,6)=6
57
i=l
57
g(2,3)+g(3,3)=3+3=6
57
j=x
57
begins
57
g(2,3)=2
57
i>j
57
g(1,4)+g(1,5)=2+2=4
57
query.
57 61 69
g(i,j)
57
query
57 59 61 69 92
g(1,4)+g(1,5)=3+3=6
57
test7
57
i≤j
57
x=1,2,3
57
80
57
g(1,4)=3
57
1≤n,q≤106
57
l,r,x,y
57
rather
58
members
58
y=n
58
based
58
disagree.
58
president,
58
expel
58
n⋅k
58
3:
58
indicates
58
leave.
58
opinions
58
participants
58
++-+
58
meeting
58
meeting:
58
analyze
58
contradicts
58
third,
58
debate
58
discussed.
58
discussion.
58
member's
58
+--+
58
disagreement
58
members,
58
meeting.
58
(excluding
58
minority
58
yourself
58
convenience,
58
+-
58
2:
58
discussions.
58
outcomes
58
discussed
58
specific
58
stay.
58
provide
58
agreement
58
disagrees
58
+-+
58
stance
58
1≤n,k≤100
58
attend
58
attend,
58
attends
58
disagreed
58
starts,
58
club.
58
5⋅104
58
stays
58
4:
58
--
58
access
58
they'll
58
5:
58
discussion,
58
expelled.
58
(member
58
agree
58
+-++
58
meeting,
58
agrees
58
agreed
58
express
58
y>n
58
discussions,
58
member
58
discussion
58
yourself,
58
outcome,
58
till
58
attended
58
"-"
58
stay
58
ensure
58
-+
58
disagrees.
58
member,
58
everyone
58
achieved
58 98
opinion,
58
++
58
forces
58
(i.
58
including
58 89
1:
58
invalid
58
tie
58
expulsion
58
strategy
58
disagree
58
opinion
58
expelled)
58
attends,
58
member.
58
y<n
58
club
58
agrees,
58
++++
58
begins.
58
opinion.
58
remains
59
query:
59 69
each,
59
i+1
59
z
59
centroid
59
tree,
59 99
1≤pi≤i
59
centroids.
59
current
59 76 80 99
needed.
59
⌋
59
subtrees
59
acyclic
59
add
59 68
p1,p2,…,pn−1
59
splits
59 96
removal
59 96
graph)
59
illustrations
59
⌊
59
test1.5
59
subtree
59
(an
59
biggest
59 67
centroids,
59
"trararataa"
60
"abc"
60
s[i]≠s[n−i+1]
60
enough
60 73 96
abccba
60
dcbdbdcccc
60
taarrrataa
60
abc
60
dcbcaebacccd
60
"abc",
60
"abacaba",
60
"string"
60
anti-palindrome,
60
cabbaccabaac
60
"test"
60
anti-palindromes,
60
aacdaaaacadcdc
60
anti-palindrome
60
wwww
60
aadaaaaddc
60
"taarrrataa",
60
a2,a3,a4,a5=[2,4,3,3]
61
4≥3≥3
61
derived
61
almost-increasing,
61
almost-increasing
61
1≤n,q≤200000
61
x≥y≥z
61
x,y,z
61
a1,a2,a3=[1,2,4]
61
a2,a3,a5=[2,4,3]
61
longest
61 64 87 101
a1,a2,a3,a4=[1,2,4,3]
61
draw
62
terminate
62 92
readings
62
this:
62
drawn,
62
list.
62
performs
62
reading:
62
(vertex
62
algorithm:
62
algorithm.
62
input,
62
(ui,vi)
62
list
62 78
decides
62
else,
62
checking
62
reading,
62
undrawn
62
drawn
62
sizes,
63
{9}→{6,3}→{4,2,3}
63
other.
63 83 86 90
piles,
63
nuggets
63
piles
63
nuggets.
63
operations?
63
started
63
746001
63
target
63
2984004
63
1≤n,m≤107
63
(all
63
27
63 85
nuggets.)
63
pile
63
with.
63
palindrome,
64 95
"h"
64
"a"
64
"bab"
64
"aa",
64
forward.
64 67
"bbb",
64
1≤|s|≤50
64
codeforcesecrofedoc
64
isn't
64
"abcaba",
64
lol
64
"abacaba"
64
"abaab",
64
instead.
64 67 96
aaa
64
subsequence,
64
"abcaba"
64
prove
64
"z",
64
"aaa",
64
bn
65
13824
65
a2
65
144
65 71
ai>bi
65 77
23
65
89
65
reordering
65
135
65
b2
65
1≤bi≤109
65
b1
65
similarly,
66
right:
66
segments
66 77
hold.
66 76
moving
66 92
we've
66
l1,l2,…,ln
66
(from
66
r1,r2,…,rn
66
1000000000
66 67 72 73 76
"shift"
66
course,
66
haven't
66
shift:
66
shift;
66
"shift",
66
button:
66
1000000004
66
segments,
66
segment.
66
li≤x≤ri
66
(of
66
black?
66
1≤ri≤109
66
black,
66
1≤l1<l2<⋯<ln≤109
66
x+1
66
1018
66
restriction:
66
visited
66
release
66
black;
66
also,
66
moment
66
segment;
66
controlling
66
99
66 78
it.)
66
pressed
66
pointer
66
strip
66
actions:
66
li≤ri<li+1−1
66
border
66
1≤k≤109
66
color.
66
button;
66
white
66
black.
66
cells,
66
division
67 81
amodx
67
ai=an−i+1
67
f(a,x)
67
f(a,x=2)=[1,0,1,0,0,1,0,1]
67
f(a,x)=[a1modx,a2modx,…,anmodx]
67
999999900
67
infinitely
67
examples,
67
remainder
67
condition.
67 95
f(a,x)=[0]
67
f(a,x=1)=[0,0]
67
^^
68
intersections.
68 92
^
68
contest,
68
change,
68
1,2,5,6,7
68
smiley.
68
faces,
68
"^_^"
68
faces
68
characters:
68
"^".
68
___^^
68
yura.
68
wanted
68
possibly
68
japan.
68
"^^"
68
there's
68
name:
68
string).
68
_
68
"^"
68
cover
68
"_"
68
1≤|s|≤100
68
holding
68
___^_^^^_^___^
68
life
68
nice.
68
fascinated
68
thought
68 96
3,4,9,10
68
something
68
boy
68
criteria.
68
idea
68
smileys.
68
"^^__^_^^__^"
68
"^",
68
likes
68
"^^".
68
occurrences
68
smileys,
68
name,
68
^_
68
positions
68 80 83 86 90
face.
68
change.
68
^______^
68
^_^^^^^_^_^^
68
jura
68
^_^_^_^_^_^_^
68
yura
68
smiley
68
change
68 69 85 99
honor
68
^_^
68
flush
69 92
!
69 92
flush(output)
69 92
euclidean
69
"x_1
69
1.500000000
69
system.out.flush()
69 92
languages
69
places.
69
hidden
69
rational
69
advance
69
c"
69
points,
69
guess
69
2≤n≤25
69
projection
69
ax+by+c=0
69
a,
69 95
0.5)
69
...
69
y_n",
69
0.2
69
-0.2
69
comply
69
exact,
69
precision
69
java;
69 92
plane.
69 76
"?
69 92
(2.5,
69
interaction
69 92
10−3
69
stdout.flush()
69 92
analogously,
69
picture,
69
section.
69
python;
69 92
c++;
69 92
point.
69
(1,
69
value.
69 98
"!
69 92
|a|+|b|≥0.1
69
interactive
69 92
3)
69
closest
69
1.500000001
69
0.500000001
69
printing
69
documentation
69 92
throughout
69
ask
69
decimal
69 94
cout.flush()
69 92
pascal;
69 92
differ
69
fflush(stdout)
69 92
section
69
hacks
69 83 90 92
|a|
69
x_n
69
format.
69
2.5
69
output.
69 92
clarity.
69
issues
69
use:
69 92
y_i
69
y_1
69
\leq
69
1≤t≤50
69
interactor
69
x_1
69
10−4
69
minimality
69
hack,
69
idleness
69 92
interaction.
69
(xi,yi)
69 76
exceeded.
69 92
read
69 92
correspond
69 101
adaptive.
69
projections
69
forget
69 92
two-dimensional
69
x_i
69
sakura.
70
arrows
70
v1
70
fox's
70
sakura
70
sacred
70
1≤vi≤n
70
v1,v2,…,vn
70
wondered
70
yae
70
traversals,
70
route,
70
exists,
70
petal,
70
powers
70
able
70 92
indicate
70
bold
70
vn
70
vi+1
70
quotes)
70
climbed
70
cycles.
70 96
b(x)≡a(x+9)(mod109+7).
71
holds
71
b(x)≡a(x+s)(mod109+7)
71
d+1
71
a(x)≡(x+1)2(mod109+7)
71
a(x)=a0+a1x+a2x2+⋯+adxd
71
b(x)≡x+2(mod109+7)
71
polynomial
71
degree
71 89
0≤a(i)<109+7
71
b(x)≡a(x+s)(mod109+7).
71
1≤d≤2500000
71
a(0),a(1),…,a(d)
71
0≤s<109+7
71
a(x)
71
they're
71
b(x)≡a(x+3)(mod109+7).
71
b(0),b(1),…,b(d)
71
ad≠0
71
1000000006
71
121
71
b(x)≡(x+10)2(mod109+7)
71
xd
71
(i.e.,
71
leading
71 94
a(x)≡x−1(mod109+7)
71
0≤b(i)<109+7
71
x=0,1,…,d
71
b(x)
71
models
72
rate
72
tour
72
tour,
72
ri,jt−1<ri,jt
72
invite
72
[2,4,5]
72
results
72 75
bigger
72
profit
72 99
invited
72
5000000000
72
differently.
72
requirements.
72
model
72
models.
72
5⋅1000000000=5000000000
72
models,
72
profit.
72 99
exciting,
72
industry
72
cities.
72
fashion
72
increasing.
72
industry,
72
money.
72
money
72
rating
72
willing
72 92
profits
72
1≤n≤5000
72
1≤ri,j≤n
72
views
72
2≤t≤k
72
inviting
72
city,
72
identical
72
performance.
72
10+10+10=30
72
ri,j
72
tour.
72
j1,j2,…,jk
72
1≤m≤500
72
get.
72 73 99
1≤pj≤109
72
ratings
72
money,
72
910000000000000000
73
-9
73
-3
73 100
72
73
tasks,
73
zero).
73 78 99
beauty.
73
beauty,
73
to,
73
5⋅7
73
goal,
73
element.
73
-8
73
-7
73 100
product.
73
-6
73
a=[3,5,7,4]
73
numbers,
73 100
max
73 100
7⋅4
73
-nd
73
a1,a2,a3,…,an
73 78 79 84
n=4
73
3⋅5
73
910000000
73
multiplying
73
finished.
74
ceremony.
74
berland
74
longer
74
parallel.
74
suffix
74
conduct
74
limited,
74
full
74
problems
74
intercollegiate
74
monocarp
74 101
jury,
74
for.
74
editorials
74
polycarp,
74
contest
74
takes.
74
rooms
74
prefix
74 77 95
takes,
74
finish
74
problemset
74
early
74
does.
74
finishes
74
1≤k≤n≤3⋅105
74
problems).
74
contest.
74
editorial.
74
[1,2,2,1]
75
successively
75
[2,1,2,1]
75
appended
75
(i.e.
75
nonempty).
75
[2,1,1,2]
75
merges.
75
composed
75
(as
75 77
1≤ai≤2⋅n
75
[1,2,1,2]
75
2⋅n
75
c=[1,2,2,1]
75
step,
75
nonempty)
75
c=[2,2]
75
1≤bi≤2⋅n
75
forming
75
(xq,yq)
76
being
76 93
1≤n≤2
76
living
76
towards
76
lives.
76
1≤a,b≤109
76
xn=a
76
locations
76
jumps.
76
meet
76 83 90
space,
76
0≤xi,yi≤109
76
(0,0)→(3,4)
76
-coordinate
76
69420420
76
mary.
76
frogs
76
location
76
(0,0)→(5,3)→(3,6)
76
ian's
76
minimize
76
jump.
76
469696969
76
lies
76
him?
76
maths.
76
2022
76
plane,
76
soon
76
(0,0)
76
cartesian
76
yn=b
76
(xp,yp)
76
lattice
76
(0,0)→(3,2)→(4,4)
76
[l=5,r=6]
77
(pl+1,pr−1)
77
{pl,pl+1,…,pr−1,pr}
77
(pl,pr)
77
(since
77
reversing
77
swapping
77
(pl+i,pr−i)
77
[l=1,r=2]
77
(where
77
1≤n≤2000
77
[l=2,r=3]
77
[l=1,r=1]
77
[1,l−1]
77
...,
77
aj=bj
77
lexicographically
77
[l=4,r=4]
77
p={5,4,1,3,2}
77
(note
77
{1,3,4}
77
{2,3,1,5,4}
77
[1,1]
77
l+i≤r−i
77
p={2,1,3,5,4}
77
[l=5,r=5]
77
[r+1,n]
77
{1,2,2}
77
suffix:
77
n=5,p={2,3,1,5,4}
77
reverse
77 97
[4,5]
77
1≤j<i
77
[l=9,r=9]
77
entertainment
78
54
78
break.
78
88
78
b1,b2,b3,…,bn
78
lunch
78
lunch,
78
indexed
78
himself
78
(if
78
1≤ai≤100
78
1≤bi≤100
78
lasts
78
open
78
opened
78
skip
78
watch
78
videos.
78
77
78
cooked
78
video
78
video.
78
1≤q≤1000
78
66
78
videos
78
test.
78 96
videos,
78
mushroom
78
spend
78 99
filippov
78
entertaining
78
71
78 100
meal
78
video,
78
1≤n≤50
78
selection
78
watch.
78
exists).
78
179
78 79 84
tubetube.
78
durations
78
such.
78
appropriate
78
(5,2,3)
79 84
(3,5,2)
79 84
received
79 84 92
993
79 84
task!
79 84
986
79 84
aj⋅b=ak
79 84
45
79 84
if:
79 84
10000
79 84
(i,j,k)
79 84
(2,1,3)
79 84
1≤i,j,k≤n
79 84
ai≤109
79
(2,3,5)
79 84
triple
79 84
(3,2,5)
79 84
ai⋅b=aj
79 84
(5,3,2)
79 84
100000
79 84
kolya
79 84
version,
79 84
gift
79 84
(2,5,3)
79 84
so-called
80
1≤|si|≤106
80
oscillators
80
oscillator
80
oscillators.
80
1,2,…,n
80
t≥0
80
state).
80
speed
80
0,1,2,3
80
010
80 97
realises
80
bottommost
80
topmost
80
reverses
80
downwards.
80
continues
80
t+c
80
sample:
80
repeated,
80
peculiar
80
0101
80
0001
80
particles.
80
0,1,2,1
80
c=4
80
animation.
80
t>0
80
proved
80
120
80
t=0
80
particle.
80
heading
80
additionally,
80
particle,
80
studying
80
animation
80
"four-one-two"
80
investigate
80
behaviour
80
(at
80
moments
80
000
80
smoother
80
01010
80
|si|
80
second.
80
unit
80
oscillator,
80
movement
80 92
neighbors.
81
were.
81
participant
81
be.
81
remembered
81
1≤ai≤n,ai≠i
81
holiday
81
holiday,
81
neighbor.
81
remembered.
81
side.
81
1−2−3−4−5−6−1
81
holiday.
81
few
81
[2,1,4,3,6,5]
81
5−6−5
81
festival
81
1−2−1
81
3−4−3
81
1≤n,q≤2⋅105
82
1≤ui,vi≤n,ui≠vi
83 85 90
distances
83 90
means,
83 90
1≤k≤n≤2⋅105
83
now,
83 90 95
chtholly,
83 90
chtholly
83 90
1,2
83 90
x⋅q≡p
83 90
routes,
83 90
2+1=3
83 90
island
83 90
knows
83 90
world
83 90
minimal
83 90 100
nephren,
83 90
totally,
83 90
island,
83 90
islands,
83 90
passing
83 90
2,3
83 90
islands?
83 90
islands.
83 90
666666674
83 90
expect
83 90
randomly
83 90
william,
83 90
friends:
83 90
minimal.
83 90
p⋅q−1
83 90
1+0=1
83 90
1,2,3
83 90
k≤n
83
q≢0
83 90
solved.
83 90
modm
83 90
....
83 90
equals
83 90
1≤ai≤106
84
ai≤106
84
6⊕5⊕3=0
85
16⊕4⊕19⊕7=0
85
values.
85
2≤n≤105
85 88 98
rooted
85
zero.
85
root
85 99
11⊕27⊕4⊕19⊕7=0
85
1⊕2⊕1⊕2=0
85
⊕
85
leaf
85
ok.
85
4⊕7⊕3=0
85
20⊕19⊕7=0
85
root.
85 99
3⊕3=0
85
mewheniseearulhiiarul
86
'c'
86
letter.
86
1,4,6
86
following.
86
2,4
86
solutions
86
same.
86 95
(one
86
"bce".
86
concatenated
86
first.
86 89
"c".
86
same,
86 95
more)
86
'b'.
86
same?
86
oooooooo
86
0≤ai≤1
87
space-separated
87
s.
87
elements,
87
p=[1,2,3,4]
88
4−2=2
88
constant
88
p=[1,2,3]
88
unsorted.
88
p=[1,3,2]
88
p3
88
unsorted
88
array)
88
p2
88
1≤j<i≤n
88
3−1=2
88
k≥1
88
permutation?
88
→
88
p=[1,4,3,2]
88
i−j=k
88
{1,2,3}
89
bob
89
{1,3}
89
self-loops
89
{5,6}
89
{4,5,6}
89
optimally.
89
alice
89
l≤k≤r
89
l<r
89 91
move.
89
loses.
89
incident
89
graph:
89
turn,
89
{4,6}
89
player
89
1≤l<r≤n
89 91
(case-insensitive)
89
wins,
89
shown,
89
win
89
{1,2}
89
suppose,
89
{4,5}
89
turn.
89
{2,3}
89
components.
89
1≤k≤min(n,3),1≤n≤2⋅105
90
k≤min(n,3)
90
meaning
91
r−l+1=2
91
a1+a2+a3
91
a1+a2=1+2=3
91
r−l+1
91
al+al+1+⋯+ar
91
(in
92 98
"e".
92
period
92
c1,
92
selecting
92
itself,
92
none.
92
"+
92
been
92
"e"
92
repaired,
92
intersections
92
old
92
couriers,
92
depending
92
half
92
c3,
92
1≤ai,bi≤n
92
recruited
92
correct,
92
verdict.
92
along
92 93
road.
92
beforehand.
92
well
92
2≤n≤2000
92
directions,
92
requests
92
n−1≤m≤2000
92
entrepreneur,
92
requests.
92
types:
92
information
92
disposal
92
1≤y≤n
92
town
92
organize
92
stream.
92
languages.
92
total,
92
recently
92
previous
92
roads,
92
popular
92
try
92
unblock
92
history.
92
c2,
92
"-
92
thousand
92
unblocked
92
city's
92
deliver
92
couriers
92
intersection
92
"steaks",
92
receive
92
administration
92
service
92
block
92
services
92
delivery
92
repaired
92
correct.
92
…,
92
data.
92
driving
92
unblocked.
92
young
92
100⋅m
92
raw
92
verdict,
92
1≤x≤m
92
request,
92
short
92
blocked,
92
jury
92
forbidden.
92
cm
92
fresh
92
locals).
92
program
92
closed
92
repaired.
92
getting
92
account
92
known,
92
staff
92
years
92
meat
92
by,
93
1≤bi≤108
93
3≤n≤105
93
i1,i2,i3
93
[2,4]
93
maximized.
93 98
sights,
93
street.
93
start).
93
minus
93 99
morning
93
street
93
jog
93
bi1+bi2+bi3−(r−l)
93
100000000
93
sights
93
run
93
sight
93
jog,
93
299999996
93
1+1+1−(3−1)=1
93
run,
93
beauties
93
mile
93
tired.
93
5+4+3−(5−1)=8
93
and/or
94 97
1?7.
94
matches
94 97
1337
94
zeroes.
94
??;
94
template.
94
9??99
94
??
94
???8;
94
1?3?;
94
mark
94
marks
94
marks.
94
representation
94
digits
94
1≤|s|≤5
94
4?;
94
1??7
94
digit
94
template
94
03
94
1337;
94
(strictly
94
????;
94
?5?
94
90
94
cbbc.
95
ayda
95
bcb
95
3≤c1≤c2≤⋯≤ck≤min(109,
95
cbc.
95
p(t)=6
95
oo.
95
forwards.
95
further
95
)=4
95
ayd
95
cac,
95
p(
95
bab
95
p(t)
95
(xi,ci)
95
abcbcacbab
95
say
95 97
bcb.
95
conditions:
95
,5)
95
o
95
p(s,m)=p(t)
95
f,
95
t=s[1…m]
95
w,
95
backwards
95
"conditions"
95
above,
95
abcba
95
)=8
95
satisfied
95
x1,x2,…,xk
95
(n+1)n
95
letters,
95
palindromic
95
p(s,x1)=p(s,5)=
95
bb
95
1≤k≤20
95
)=5=s1
95
wad
95
foo
95
abcbbcabcb
95
k≤20
95
bcacb.
95
)=3
95
meaning:
95
p(s,xi)=ci
95
)=6=s2
95
condition:
95
substrings:
95
)=5
95
clarifications.
95
abcbb
95
k=1
95
abcb
95
c,
95
t[l…r]
95
exist.
95
wada
95
ada.
95
p(s,x2)=p(s,10)=
95
abcbca
95
answers.
95
p(s,m)
95
3≤x1<x2<⋯<xk=n
95
conditions,
95
abca
95
testcase.
96
branches.
96
chinchillas
96
plenty
96
physics
96
connects.
96
branch
96
pet.
96
cut)
96
branch.
96
ei
96
looks
96
free
96
k=0
96
1≤vi,ui≤n
96
cut.
96
boring
96
afford
96
pet
96
1≤ei<n
96
entertain
96
exist,
96
this.
96
chinchilla,
96
scissors.
96
forms
96
lesson
96
yet
96
-st
97
"reverse
97
contiguous
97
??01?
97
00011
97
?.
97
011110010
97
1≤|s|≤3⋅105
97
(a
97
111101
97
????.
97
pattern.
97
1≤t≤3⋅104
97
-rd
97
1??10?
97
00011,
97
1)
97
0?1?10?10
97
string"
97
character,
97
?01?,
97
1??,
97
10100
97
00101.
97
independent)
97
??,
97
non-descending
97 101
equal.
97
0010
97
a1−a2+a3−a4+…=∑
98
value,
98 100
1,2,…,2n
98
(2,4)
98
extend
98
written
98
path.
98
walking
98
a1,a2,…,ak
98
3−1+4=6
98
8−1+5−3+7=16
98
(2,n)
98
even)
98
repeatedly
98
3−2+4=5
98
stopping
98
beyond
98
visited),
98
grids
98
reached.
98
2×n
98
8−2+5−3+7=15
98
8−2+6−3+7=16
98
downwards
98
ai⋅(−1)i+1
98
8−2+6−4+7=15
98
alternating
98
cycles,
99
coins
99
planted
99
garden.
99
yuki,
99
unchanged;
99
fun,
99
growing
99
gardening,
99
alisa
99
structure
99
loops,
99
girls
99
performed
99
yuki
99
course
99
1≤k,c≤109
99
ax,y−
100
sum.
100
2≤n,m≤100
100
-32030
100
gave
100
1≤j≤m
100
subtables
100
90932
100
1≤x≤i,1≤y≤j
100
4−1=3
100
16854
100
1933711
100
85063
100
min
100
j=1
100
38762
100
82703
100
negative.
100
0+3+3+3=9
100
maximal
100
59554
100
b1,b2,…,bn⋅m
100
equal,
100
-12001
100
-85927
100
differences.
100
reconstruct
100
-64460
100
(2,1)
100
−105≤bi≤105
100
68060
100
subtable
100
differences
100
ax,y)
100
4−4=0
100
value:
100
-79547
100
corner
100
upper
100
table.
100
filled
100
a=[6,7,3,4,4,6,5]
101
a′≠a
101
subarray,
101
a[l..r]
101
subarray.
101
,…,a
101
′
101
≤n
101
l=2,r=5
101
different).
101
a′=[6,3,4,4,7,6,5]
101
(there
101
denote
101
1≤a
101
(l,r)
101
al,al+1,al+2,…,ar−1,ar
101
,a
101
a′
101
